
FOr degree bin index 0
15	0	0	0	0	0	0	0	0	0	0		 Score=1.000000
12	0	0	0	0	0	0	0	0	0	0		 Score=0.500000
3	0	0	0	0	0	0	0	0	0	0		 Score=1.000000
9	0	0	0	0	0	0	0	0	0	0		 Score=1.000000
3	0	0	0	0	0	0	0	0	0	0		 Score=1.000000
5	0	0	0	0	0	0	0	0	0	0		 Score=1.000000
7	0	0	0	0	0	0	0	0	0	0		 Score=1.000000
13	0	0	0	0	0	0	0	0	0	0		 Score=1.000000
7	0	0	0	0	0	0	0	0	0	0		 Score=1.000000
4	0	0	0	0	0	0	0	0	0	0		 Score=1.000000

FOr degree bin index 1
0	0	6	0	0	0	0	0	0	0	0		 Score=0.500000
0	0	0	0	4	0	0	0	0	0	0		 Score=1.000000
0	0	0	0	0	0	2	0	0	0	1		 Score=0.125000
0	14	0	0	0	0	0	0	0	0	0		 Score=0.500000
1	0	0	0	0	0	2	0	0	0	0		 Score=0.083333
1	8	3	0	0	0	0	0	0	0	0		 Score=0.333333
0	26	0	0	0	0	0	0	0	0	0		 Score=0.500000
3	42	0	0	0	0	0	0	0	0	0		 Score=0.500000
0	31	0	0	0	0	0	0	0	0	0		 Score=0.500000
1	0	0	0	0	0	2	0	0	0	0		 Score=0.083333
1	0	0	0	0	0	2	0	0	0	0		 Score=0.083333
0	13	2	1	0	0	0	0	0	0	0		 Score=0.333333
3	0	0	0	0	0	0	0	0	0	0		 Score=1.000000
5	0	4	0	0	0	0	0	0	0	0		 Score=0.250000
4	0	0	0	0	0	0	0	0	0	0		 Score=1.000000

FOr degree bin index 2
1	0	0	0	0	0	2	0	0	0	0		 Score=0.083333
0	0	0	0	0	0	2	0	0	0	1		 Score=0.125000
0	0	0	0	0	0	0	0	0	0	0		 Score=1.000000
1	26	23	5	2	0	0	0	0	0	0		 Score=0.200000
0	0	0	0	0	0	2	0	0	0	1		 Score=0.125000
1	0	0	0	0	0	2	0	0	0	0		 Score=0.083333
0	0	0	0	0	0	2	0	0	0	1		 Score=0.125000
1	0	0	0	2	0	0	1	0	0	0		 Score=0.055556
0	0	0	0	0	0	0	0	0	0	3		 Score=1.000000
1	0	0	0	0	0	2	0	0	0	0		 Score=0.083333
0	0	0	0	0	0	2	0	0	0	1		 Score=0.125000
1	0	0	0	0	0	2	0	0	0	0		 Score=0.083333
0	0	1	4	3	1	1	1	1	0	0		 Score=0.142857
0	0	0	0	0	0	0	0	0	0	3		 Score=1.000000
0	0	0	0	0	0	0	0	0	0	0		 Score=1.000000
0	0	0	0	0	0	0	0	0	0	4		 Score=1.000000
0	0	0	0	0	0	0	0	0	0	0		 Score=1.000000
0	0	0	0	0	0	0	2	0	0	2		 Score=0.166667
0	1	1	1	0	1	4	8	4	1	1		 Score=0.055556
1	172	15	0	0	0	0	0	0	0	0		 Score=0.333333
0	0	0	0	2	0	0	2	0	0	0		 Score=0.166667
1	107	7	1	0	0	0	0	0	0	0		 Score=0.250000
2	14	14	7	2	0	0	0	0	0	0		 Score=0.200000
2	61	9	0	0	0	0	0	0	0	0		 Score=0.333333
4	0	0	0	0	0	0	0	0	0	0		 Score=1.000000
1	0	1	0	4	0	1	0	0	0	0		 Score=0.062500
1	223	0	0	0	0	0	0	0	0	0		 Score=0.500000
1	0	0	3	0	0	0	0	1	0	0		 Score=0.047619
0	0	2	0	1	0	2	1	0	0	1		 Score=0.040000
16	50	1	0	0	0	0	0	0	0	0		 Score=0.333333
5	0	0	0	0	0	0	0	0	0	0		 Score=1.000000
0	0	2	0	0	0	2	3	2	2	0		 Score=0.050000
4	0	0	4	0	0	0	0	0	0	0		 Score=0.166667
1	0	6	3	0	0	0	0	0	0	0		 Score=0.166667
10	4	6	0	0	0	0	0	0	0	0		 Score=0.333333
3	0	0	0	0	0	0	0	0	0	0		 Score=1.000000
0	0	0	0	0	0	2	0	0	0	1		 Score=0.125000
2	0	0	0	2	0	0	0	0	0	0		 Score=0.125000
4	3	5	1	1	0	0	0	0	0	0		 Score=0.200000
1	0	0	0	0	0	2	0	0	0	0		 Score=0.083333
4	2	3	7	0	0	0	0	0	0	0		 Score=0.250000
0	0	1	0	1	0	2	2	0	1	0		 Score=0.050000
2	0	6	0	0	0	0	0	0	0	0		 Score=0.250000
1	0	0	0	0	0	2	0	0	0	0		 Score=0.083333
4	0	0	0	0	0	0	0	0	0	0		 Score=1.000000
3	0	4	6	2	3	3	0	0	0	0		 Score=0.083333
1	0	0	1	0	0	2	0	1	0	0		 Score=0.041667
0	0	0	0	0	0	0	0	0	0	0		 Score=1.000000
0	0	0	0	0	0	0	0	0	0	0		 Score=1.000000
1	0	0	0	0	0	2	0	0	0	0		 Score=0.083333
1	0	0	0	0	0	2	0	0	0	0		 Score=0.083333
0	0	1	0	1	0	2	2	0	1	0		 Score=0.050000
1	0	0	1	0	0	2	0	1	0	0		 Score=0.041667
0	0	0	0	0	0	0	0	0	0	3		 Score=1.000000
1	0	0	0	0	0	2	0	0	0	0		 Score=0.083333
0	0	0	0	0	0	0	0	0	0	5		 Score=1.000000
3	0	0	2	0	0	0	0	0	0	0		 Score=0.166667
0	0	0	0	0	0	0	0	0	0	0		 Score=1.000000
1	0	0	0	0	0	2	0	0	0	0		 Score=0.083333
0	0	0	0	0	0	0	2	0	0	2		 Score=0.166667
0	0	0	0	0	0	0	0	0	0	3		 Score=1.000000
2	0	0	0	0	0	3	0	0	0	0		 Score=0.083333
0	0	0	0	0	0	0	0	0	0	6		 Score=1.000000
1	0	2	3	0	0	2	0	0	0	0		 Score=0.062500
2	0	0	0	0	0	3	0	0	0	0		 Score=0.083333
0	0	0	0	0	0	0	0	0	0	0		 Score=1.000000
0	0	0	0	0	0	0	0	2	0	3		 Score=0.250000
0	0	0	0	0	0	0	0	0	0	3		 Score=1.000000
0	0	0	0	3	0	2	0	0	0	2		 Score=0.066667
1	0	0	0	0	0	2	0	0	0	0		 Score=0.083333
0	0	0	0	1	0	2	4	0	1	1		 Score=0.066667
0	2	5	9	4	0	0	0	0	0	0		 Score=0.250000
1	0	0	0	0	0	2	0	0	0	0		 Score=0.083333
0	0	0	0	0	0	2	0	0	0	1		 Score=0.125000
0	0	0	0	0	0	0	0	0	0	3		 Score=1.000000
2	1	1	1	8	0	2	2	0	0	0		 Score=0.071429
0	0	0	0	1	0	0	2	0	0	1		 Score=0.066667
0	0	0	0	0	0	0	0	0	0	3		 Score=1.000000
0	0	0	0	0	0	0	0	0	0	0		 Score=1.000000
4	149	1	0	0	0	0	0	0	0	0		 Score=0.333333
2	208	2	0	0	0	0	0	0	0	0		 Score=0.333333
1	4	2	3	3	3	2	0	0	0	0		 Score=0.142857
1	0	0	2	0	2	0	0	0	1	0		 Score=0.035714
0	1	1	0	3	4	3	0	0	1	0		 Score=0.041667
4	0	0	0	0	0	0	0	0	0	0		 Score=1.000000
0	0	0	0	0	0	0	0	0	0	4		 Score=1.000000
2	0	0	0	2	0	0	0	0	0	0		 Score=0.125000
0	0	0	0	0	0	2	0	0	0	1		 Score=0.125000
0	0	0	0	0	0	0	0	0	0	0		 Score=1.000000
0	0	0	0	0	0	0	0	0	0	0		 Score=1.000000
1	0	0	0	0	0	2	0	0	0	0		 Score=0.083333
1	0	1	0	0	0	3	2	0	0	0		 Score=0.050000
0	0	0	0	0	0	0	0	0	0	5		 Score=1.000000
0	0	0	0	0	0	0	0	0	0	0		 Score=1.000000
1	0	0	0	0	0	2	0	0	0	0		 Score=0.083333
0	0	0	0	0	0	0	1	0	2	3		 Score=0.166667
0	0	0	0	4	0	0	0	0	0	0		 Score=1.000000
0	0	0	1	0	0	0	2	0	2	1		 Score=0.050000
2	0	0	0	2	0	0	0	0	0	0		 Score=0.125000
0	0	0	0	0	0	0	2	0	0	2		 Score=0.166667
0	0	0	0	0	0	0	2	0	0	2		 Score=0.166667
0	0	0	0	0	0	0	0	0	0	0		 Score=1.000000
0	0	0	0	0	0	0	0	0	0	0		 Score=1.000000
1	0	0	0	0	0	0	3	0	0	0		 Score=0.071429
0	0	0	0	0	0	0	0	0	0	3		 Score=1.000000
0	0	0	0	0	0	0	0	0	0	0		 Score=1.000000
0	0	0	0	0	0	0	0	0	0	0		 Score=1.000000
1	0	0	0	0	0	2	0	0	0	0		 Score=0.083333
0	0	0	0	0	0	0	0	0	0	3		 Score=1.000000
1	0	0	0	0	0	0	3	0	0	0		 Score=0.071429
1	0	0	0	2	0	0	1	0	0	0		 Score=0.055556
1	0	0	0	0	0	2	0	0	0	0		 Score=0.083333
0	0	0	0	0	0	2	0	0	0	1		 Score=0.125000
3	0	0	0	0	0	0	0	0	0	0		 Score=1.000000
1	0	0	0	0	0	2	0	0	0	0		 Score=0.083333
0	0	0	0	0	0	0	0	0	0	0		 Score=1.000000
0	0	0	0	0	0	3	0	0	0	2		 Score=0.125000
1	0	0	0	0	0	2	0	0	0	0		 Score=0.083333
3	0	0	0	0	0	0	0	0	0	0		 Score=1.000000
0	0	0	0	0	0	0	2	0	0	2		 Score=0.166667
0	0	0	0	0	0	2	0	0	0	1		 Score=0.125000
0	0	0	0	0	0	0	0	0	0	0		 Score=1.000000
2	2	1	1	2	1	4	0	0	0	0		 Score=0.142857
0	0	0	0	2	0	0	2	0	0	0		 Score=0.166667
0	0	0	0	0	0	2	0	0	0	1		 Score=0.125000
1	0	6	0	0	0	0	0	0	0	0		 Score=0.250000
0	0	0	0	0	0	0	1	0	2	3		 Score=0.166667
3	0	0	0	0	0	0	0	0	0	0		 Score=1.000000
1	0	0	2	0	1	0	2	0	0	0		 Score=0.050000
1	0	4	2	2	1	0	0	0	0	0		 Score=0.100000
0	0	1	1	1	3	4	0	0	1	1		 Score=0.047619
19	61	0	0	0	0	0	0	0	0	0		 Score=0.500000
20	14	0	0	0	0	0	0	0	0	0		 Score=0.500000
1	0	0	1	0	0	2	0	1	0	0		 Score=0.041667
0	0	2	2	1	0	3	1	2	1	0		 Score=0.071429
3	0	0	0	0	0	0	0	0	0	0		 Score=1.000000
3	0	0	0	0	0	0	0	0	0	0		 Score=1.000000
0	0	0	0	2	0	0	2	0	0	0		 Score=0.166667
1	0	0	2	0	2	0	0	0	1	0		 Score=0.035714
0	0	0	0	0	0	0	0	0	0	3		 Score=1.000000
1	0	0	0	0	0	2	0	0	0	0		 Score=0.083333
1	0	0	0	0	0	0	3	0	0	0		 Score=0.071429
1	0	0	0	0	0	2	0	0	0	0		 Score=0.083333
4	0	0	0	0	0	0	0	0	0	0		 Score=1.000000
0	0	0	0	0	0	0	0	0	0	0		 Score=1.000000
1	0	0	0	0	0	2	0	0	0	0		 Score=0.083333
1	0	0	0	0	0	2	0	0	0	0		 Score=0.083333
0	0	0	0	0	0	0	0	0	0	6		 Score=1.000000
0	0	0	0	1	0	0	2	0	0	1		 Score=0.066667
0	0	0	0	0	0	1	0	2	0	2		 Score=0.111111
0	0	0	0	0	0	2	0	0	0	1		 Score=0.125000
0	0	0	0	0	0	0	0	0	0	0		 Score=1.000000
0	0	0	0	0	0	0	0	0	0	4		 Score=1.000000
0	0	0	0	0	0	0	0	0	0	0		 Score=1.000000
1	2	2	3	0	2	3	1	0	0	0		 Score=0.071429
6	0	2	0	0	0	0	0	0	0	0		 Score=0.250000
0	0	0	0	0	0	0	0	0	0	0		 Score=1.000000
0	0	0	0	0	0	2	0	0	0	1		 Score=0.125000
2	0	0	0	2	0	0	0	0	0	0		 Score=0.125000
1	0	0	2	0	3	0	0	0	0	0		 Score=0.083333
4	0	0	0	0	0	0	0	0	0	0		 Score=1.000000
0	0	0	0	0	0	2	0	0	0	1		 Score=0.125000
2	0	0	0	2	0	0	0	0	0	0		 Score=0.125000
0	0	0	0	0	0	0	0	0	0	3		 Score=1.000000
1	0	0	0	0	0	2	0	2	0	0		 Score=0.047619
20	9	0	0	0	0	0	0	0	0	0		 Score=0.500000
8	0	0	0	0	0	0	0	0	0	0		 Score=1.000000
1	0	0	0	0	0	2	0	0	0	0		 Score=0.083333
4	0	0	2	0	0	0	0	0	0	0		 Score=0.166667
0	0	0	0	0	0	0	0	0	0	3		 Score=1.000000
0	0	2	0	3	0	1	0	0	1	0		 Score=0.050000
1	0	0	0	0	0	2	0	0	0	0		 Score=0.083333
0	0	0	0	0	0	0	0	0	0	3		 Score=1.000000
3	0	0	0	0	0	0	0	0	0	0		 Score=1.000000
0	0	0	0	0	0	0	0	0	0	0		 Score=1.000000
4	0	0	0	0	0	0	0	0	0	0		 Score=1.000000
2	0	0	0	2	0	0	0	0	0	0		 Score=0.125000
0	0	0	0	4	0	0	0	0	0	0		 Score=1.000000
0	0	0	2	0	0	2	0	0	0	1		 Score=0.055556
1	0	0	0	0	0	2	0	0	0	0		 Score=0.083333
1	0	1	0	1	0	3	1	0	0	0		 Score=0.050000
1	0	0	1	0	0	2	0	1	0	0		 Score=0.041667
11	21	2	0	0	0	0	0	0	0	0		 Score=0.333333
3	0	0	0	0	0	0	0	0	0	0		 Score=1.000000
0	0	0	0	0	0	0	0	0	0	0		 Score=1.000000
1	0	0	0	0	0	2	0	0	0	0		 Score=0.083333
0	0	0	0	0	0	0	0	0	0	3		 Score=1.000000
1	0	0	0	0	0	2	0	0	0	0		 Score=0.083333
0	0	0	0	0	0	0	0	0	0	0		 Score=1.000000
0	0	0	0	0	0	1	0	0	3	3		 Score=0.111111
1	0	0	4	0	1	0	0	0	0	0		 Score=0.083333
2	0	0	1	0	2	0	1	0	0	0		 Score=0.050000
1	0	0	4	0	0	0	0	0	0	0		 Score=0.166667
4	0	0	2	0	0	0	0	0	0	0		 Score=0.166667
0	0	0	0	2	0	0	2	0	0	0		 Score=0.166667
3	0	0	0	0	3	0	0	0	0	0		 Score=0.100000
1	0	0	4	0	1	0	0	0	0	0		 Score=0.083333
0	0	0	0	0	0	0	2	0	0	2		 Score=0.166667
0	0	0	1	0	0	1	0	3	0	0		 Score=0.083333
0	0	0	0	0	0	0	0	0	0	0		 Score=1.000000
4	0	0	0	3	0	0	0	0	0	0		 Score=0.125000
5	0	4	0	0	0	0	0	0	0	0		 Score=0.250000
0	0	0	0	0	0	0	0	0	0	0		 Score=1.000000
2	0	0	0	2	0	0	0	0	0	0		 Score=0.125000
0	0	0	0	0	0	0	0	0	0	0		 Score=1.000000
12	0	0	0	0	0	0	0	0	0	0		 Score=1.000000
1	0	0	0	0	0	2	0	0	0	0		 Score=0.083333
1	0	0	0	0	0	2	0	0	0	0		 Score=0.083333

FOr degree bin index 3
1	0	0	0	0	0	2	0	0	0	0		 Score=0.083333
1	0	0	0	0	0	2	0	0	0	0		 Score=0.083333
0	4	11	10	4	1	2	0	0	0	0		 Score=0.166667
1	0	0	0	0	0	2	0	0	0	0		 Score=0.083333
1	0	0	0	0	0	2	0	0	0	0		 Score=0.083333
0	0	0	0	0	0	0	0	2	0	3		 Score=0.250000
0	0	0	0	0	0	0	0	0	0	0		 Score=1.000000
0	0	0	0	0	0	2	0	0	0	1		 Score=0.125000
0	0	0	0	0	0	2	0	0	0	1		 Score=0.125000
0	0	0	0	0	0	0	0	0	4	4		 Score=0.500000
0	0	0	0	0	0	0	0	0	0	0		 Score=1.000000
0	0	0	0	0	0	0	0	0	0	0		 Score=1.000000
0	0	0	0	0	0	2	0	0	0	1		 Score=0.125000
0	0	2	1	0	2	1	0	1	0	1		 Score=0.041667
0	0	0	0	0	0	1	0	1	4	3		 Score=0.125000
0	0	0	0	0	0	0	0	0	0	0		 Score=1.000000
0	0	0	0	0	0	0	0	0	0	5		 Score=1.000000
0	0	0	0	0	0	0	0	0	0	3		 Score=1.000000
3	0	0	0	0	0	0	0	0	0	0		 Score=1.000000
0	0	0	0	0	0	0	0	1	2	7		 Score=0.333333
0	0	0	0	0	0	2	0	0	0	1		 Score=0.125000
0	0	0	0	0	0	0	0	0	0	3		 Score=1.000000
4	0	0	0	0	0	0	0	0	0	0		 Score=1.000000
1	0	0	0	0	0	2	0	0	0	0		 Score=0.083333
0	0	0	0	0	0	0	0	0	0	0		 Score=1.000000
0	0	0	0	0	0	0	0	0	0	0		 Score=1.000000
1	0	0	0	0	0	2	0	0	0	0		 Score=0.083333
0	0	0	0	0	0	2	0	0	0	1		 Score=0.125000
1	0	0	0	0	0	2	0	0	0	0		 Score=0.083333
0	0	0	0	0	0	0	0	0	0	3		 Score=1.000000
1	0	0	0	0	0	2	0	0	0	0		 Score=0.083333
1	0	0	0	0	0	2	0	0	0	0		 Score=0.083333
2	13	20	13	2	0	0	0	0	0	0		 Score=0.200000
0	0	1	0	0	0	0	0	0	5	1		 Score=0.047619
6	0	4	1	0	0	0	0	0	0	0		 Score=0.166667
1	0	0	0	0	0	2	0	0	0	0		 Score=0.083333
0	0	0	1	0	0	3	0	1	0	0		 Score=0.083333
1	203	29	6	0	0	0	0	0	0	0		 Score=0.250000
4	22	30	16	24	35	0	0	0	0	0		 Score=0.166667
2	0	1	0	1	0	3	0	0	0	0		 Score=0.062500
0	0	0	0	0	0	0	0	0	0	0		 Score=1.000000
1	44	50	15	1	0	0	0	0	0	0		 Score=0.200000
0	0	0	1	1	0	1	0	1	9	4		 Score=0.055556
3	0	0	2	0	1	0	0	0	0	0		 Score=0.083333
2	38	24	0	0	0	0	0	0	0	0		 Score=0.333333
5	0	0	1	3	1	3	0	0	0	0		 Score=0.066667
3	9	15	6	8	0	0	0	0	0	0		 Score=0.200000
0	18	18	18	9	2	0	0	0	0	0		 Score=0.200000
6	2	0	1	1	3	6	0	0	0	0		 Score=0.083333
6	11	4	1	0	0	0	0	0	0	0		 Score=0.250000
0	0	0	0	0	0	0	2	0	2	2		 Score=0.166667
11	12	5	0	0	0	0	0	0	0	0		 Score=0.333333
5	1	10	9	12	2	0	0	0	0	0		 Score=0.166667
2	14	11	0	0	0	0	0	0	0	0		 Score=0.333333
4	11	9	2	0	0	0	0	0	0	0		 Score=0.250000
3	4	1	0	0	0	3	10	0	0	0		 Score=0.050000
4	18	8	7	8	0	0	0	0	0	0		 Score=0.200000
0	0	0	0	0	0	0	0	2	0	3		 Score=0.250000
1	0	0	0	0	0	2	0	0	0	0		 Score=0.083333
3	6	10	7	0	0	0	0	0	0	0		 Score=0.250000
0	0	0	0	0	0	0	0	0	0	0		 Score=1.000000
7	2	5	4	0	0	0	0	0	0	0		 Score=0.250000
3	11	15	10	0	0	0	0	0	0	0		 Score=0.250000
3	28	17	22	4	0	0	0	0	0	0		 Score=0.200000
8	36	39	8	1	0	0	0	0	0	0		 Score=0.200000
0	0	0	3	0	0	1	0	1	0	0		 Score=0.083333
3	28	11	13	8	0	0	0	0	0	0		 Score=0.200000
0	0	0	0	0	0	0	0	0	0	0		 Score=1.000000
8	7	9	2	0	0	0	0	0	0	0		 Score=0.250000
1	0	0	0	0	0	0	3	0	0	0		 Score=0.071429
0	0	2	0	2	0	3	2	0	0	0		 Score=0.083333
9	4	6	9	0	0	0	0	0	0	0		 Score=0.250000
10	7	11	1	0	0	0	0	0	0	0		 Score=0.250000
10	13	1	0	0	0	0	0	0	0	0		 Score=0.333333
1	0	0	0	2	0	0	1	0	0	0		 Score=0.055556
9	9	5	7	0	0	0	0	0	0	0		 Score=0.250000
6	1	4	4	0	0	0	0	0	0	0		 Score=0.250000
2	0	3	2	3	0	0	0	0	0	0		 Score=0.125000
0	0	0	0	0	0	0	0	0	0	0		 Score=1.000000
0	0	0	0	2	1	1	3	0	1	3		 Score=0.083333
7	0	0	0	0	0	0	0	0	0	0		 Score=1.000000
1	0	0	0	0	0	2	0	0	0	0		 Score=0.083333
1	0	0	0	0	0	2	0	0	0	0		 Score=0.083333
3	0	0	0	0	0	0	0	0	0	0		 Score=1.000000
1	0	0	0	0	0	0	3	0	0	0		 Score=0.071429
1	0	0	0	0	0	2	0	0	0	0		 Score=0.083333
0	0	0	0	0	0	0	0	0	0	0		 Score=1.000000
0	0	0	0	0	0	2	0	0	0	1		 Score=0.125000
0	0	0	0	0	0	1	1	4	3	0		 Score=0.250000
8	0	2	0	0	0	0	0	0	0	0		 Score=0.250000
4	0	0	0	0	0	0	0	0	0	0		 Score=1.000000
0	0	0	0	0	0	0	3	3	7	10		 Score=0.250000
0	0	0	0	0	0	0	2	0	0	2		 Score=0.166667
4	0	0	0	0	0	0	0	0	0	0		 Score=1.000000
0	0	0	0	0	0	0	0	0	0	3		 Score=1.000000
3	0	2	0	2	0	2	0	0	0	0		 Score=0.062500
2	0	0	0	0	0	0	5	0	0	0		 Score=0.071429
0	0	1	9	0	2	2	1	0	0	0		 Score=0.100000
0	0	0	0	1	0	0	2	0	0	1		 Score=0.066667
4	0	0	2	0	0	0	0	0	0	0		 Score=0.166667
0	0	1	0	1	0	1	2	2	8	2		 Score=0.047619
4	0	0	0	0	0	0	0	0	0	0		 Score=1.000000
0	0	0	0	0	0	0	0	0	0	0		 Score=1.000000
8	0	0	0	0	0	0	0	0	0	0		 Score=1.000000
0	0	0	0	0	0	2	0	0	0	1		 Score=0.125000
0	0	0	0	0	0	0	1	0	2	3		 Score=0.166667
0	0	0	0	0	0	1	0	0	3	3		 Score=0.111111
3	0	2	3	0	0	0	0	0	0	0		 Score=0.166667
0	0	0	0	0	1	0	1	0	1	8		 Score=0.083333
0	0	0	0	0	0	2	0	0	0	1		 Score=0.125000
1	0	0	1	1	0	1	2	2	1	0		 Score=0.035714
0	0	0	0	0	0	0	0	4	0	1		 Score=0.250000
0	0	0	0	0	0	0	0	1	0	12		 Score=0.250000
0	0	0	0	0	0	0	0	0	0	4		 Score=1.000000
1	0	0	0	0	0	2	0	0	0	0		 Score=0.083333
0	0	0	0	0	0	0	0	0	2	6		 Score=0.500000
4	0	0	2	0	0	0	0	0	0	0		 Score=0.166667
0	0	0	0	0	0	0	0	0	0	0		 Score=1.000000
3	0	0	2	0	1	0	0	0	0	0		 Score=0.083333
3	0	0	0	0	0	0	0	0	0	0		 Score=1.000000
0	0	0	0	0	0	0	0	0	0	3		 Score=1.000000
0	0	0	0	0	0	0	0	0	0	0		 Score=1.000000
0	0	0	0	0	0	0	0	0	0	0		 Score=1.000000
0	0	0	0	0	0	2	0	0	0	1		 Score=0.125000
0	0	0	0	0	0	0	0	0	0	0		 Score=1.000000
4	0	0	0	0	0	0	0	0	0	0		 Score=1.000000
1	0	0	0	0	0	2	0	0	0	0		 Score=0.083333
5	0	1	2	1	0	0	0	0	0	0		 Score=0.125000
0	0	0	0	0	0	0	0	0	0	3		 Score=1.000000
3	0	0	0	0	0	0	0	0	0	0		 Score=1.000000
0	0	0	0	0	0	0	0	0	2	6		 Score=0.500000
0	0	0	0	0	0	0	0	0	0	6		 Score=1.000000
0	0	0	0	0	0	0	0	0	0	0		 Score=1.000000
0	0	0	0	0	0	0	0	2	0	3		 Score=0.250000
0	0	0	0	3	0	2	0	0	0	2		 Score=0.066667
0	0	0	0	0	0	0	0	0	0	8		 Score=1.000000
0	0	0	0	0	0	2	0	0	0	1		 Score=0.125000
0	0	0	0	0	0	0	0	0	0	0		 Score=1.000000
3	0	0	0	0	0	0	0	0	0	0		 Score=1.000000
0	0	0	0	0	0	2	0	0	0	1		 Score=0.125000
1	0	0	0	0	0	2	0	0	0	0		 Score=0.083333
0	0	0	0	0	0	0	0	0	0	0		 Score=1.000000
1	0	0	0	0	0	2	0	0	0	0		 Score=0.083333
0	0	0	0	0	0	0	0	2	0	3		 Score=0.250000
1	0	0	0	0	0	2	0	0	0	0		 Score=0.083333
1	0	0	0	0	0	2	0	0	0	0		 Score=0.083333
0	0	0	0	0	0	2	0	0	0	1		 Score=0.125000
0	0	0	1	2	3	2	2	0	0	1		 Score=0.055556
1	0	0	0	0	0	2	0	0	0	0		 Score=0.083333
0	0	0	0	0	0	2	0	0	0	1		 Score=0.125000
0	0	0	0	0	0	0	0	0	0	0		 Score=1.000000
0	0	0	0	0	0	0	0	0	0	0		 Score=1.000000
0	55	42	22	8	3	0	0	0	0	0		 Score=0.200000
3	0	0	0	0	0	0	0	0	0	0		 Score=1.000000
5	0	2	0	0	0	0	0	0	0	0		 Score=0.250000
0	0	0	0	0	0	0	0	2	0	3		 Score=0.250000
1	0	0	0	0	0	2	0	0	0	0		 Score=0.083333
0	0	0	0	0	0	0	0	0	0	3		 Score=1.000000
2	0	0	0	2	0	0	0	0	0	0		 Score=0.125000
2	0	0	0	0	0	3	0	0	0	0		 Score=0.083333
0	0	0	0	0	0	0	0	0	0	0		 Score=0.500000
1	0	0	0	0	0	2	0	0	0	0		 Score=0.083333
0	0	0	0	0	0	0	0	0	0	0		 Score=1.000000
1	0	0	0	0	0	0	2	2	4	0		 Score=0.035714
0	0	0	0	0	0	0	0	0	0	0		 Score=1.000000
0	0	0	1	0	2	2	0	2	1	0		 Score=0.066667
0	0	0	0	0	0	0	2	0	0	2		 Score=0.166667
0	0	1	2	1	0	1	3	0	1	0		 Score=0.055556
2	0	0	0	0	0	0	4	0	0	0		 Score=0.071429
0	0	0	0	0	0	0	0	0	0	0		 Score=1.000000
0	0	0	0	0	0	2	0	0	0	1		 Score=0.125000
0	0	0	0	0	0	0	1	0	2	3		 Score=0.166667
0	0	0	0	0	0	0	1	3	1	4		 Score=0.250000
0	0	0	0	0	0	2	0	0	0	1		 Score=0.125000
1	0	0	0	0	0	2	0	0	0	0		 Score=0.083333
0	0	0	0	0	0	0	0	0	0	4		 Score=1.000000
0	0	0	0	0	0	0	0	0	0	0		 Score=0.500000
0	0	0	0	0	0	0	0	0	0	0		 Score=1.000000
0	0	0	0	0	0	0	0	0	0	3		 Score=1.000000
0	0	0	0	0	0	0	0	2	0	3		 Score=0.250000
3	0	0	0	0	0	0	0	0	0	0		 Score=1.000000
1	0	0	0	0	0	2	0	0	0	0		 Score=0.083333
1	0	0	0	0	0	2	0	0	0	0		 Score=0.083333
5	453	2	0	0	0	0	0	0	0	0		 Score=0.333333
1	0	0	0	2	0	0	1	0	0	0		 Score=0.055556
0	2	1	7	3	1	1	0	0	0	0		 Score=0.166667
2	2	0	5	1	5	5	2	0	0	0		 Score=0.071429
2	0	0	0	0	0	0	4	0	0	0		 Score=0.071429
0	0	0	2	2	1	1	3	4	1	1		 Score=0.125000
0	0	0	0	0	0	1	3	2	1	7		 Score=0.200000
1	0	0	1	0	0	0	3	0	1	0		 Score=0.035714
1	2	2	2	3	1	2	1	0	0	0		 Score=0.125000
2	0	1	0	1	0	1	4	0	0	0		 Score=0.050000
2	0	1	0	0	0	3	1	0	0	0		 Score=0.050000
5	0	0	3	0	0	0	0	0	0	0		 Score=0.166667
0	0	0	0	0	1	1	0	3	5	15		 Score=0.100000
0	0	0	6	3	1	4	0	1	0	0		 Score=0.100000
0	0	0	0	1	0	0	0	0	4	2		 Score=0.066667
1	0	0	0	0	0	1	2	0	3	0		 Score=0.035714
3	0	4	3	0	0	0	0	0	0	0		 Score=0.166667
0	3	1	0	7	1	1	0	0	1	0		 Score=0.041667
0	0	0	0	0	0	2	2	2	5	5		 Score=0.200000
1	3	2	4	8	12	16	9	9	7	0		 Score=0.100000
6	354	10	0	0	0	0	0	0	0	0		 Score=0.333333
1	0	0	4	0	0	0	0	0	0	0		 Score=0.166667
0	0	0	0	0	1	3	3	1	3	2		 Score=0.166667
0	3	0	0	0	2	5	1	2	0	0		 Score=0.050000
0	0	0	0	0	0	0	0	0	0	0		 Score=1.000000
0	1	0	1	1	0	1	10	2	8	0		 Score=0.047619
0	0	0	3	1	1	7	1	1	1	0		 Score=0.142857
1	0	0	4	3	1	1	0	0	0	0		 Score=0.066667
0	0	0	0	0	0	2	0	0	0	1		 Score=0.125000
0	0	1	1	1	2	0	3	4	3	1		 Score=0.062500
0	1	0	1	3	1	1	6	4	2	0		 Score=0.062500
1	1	1	6	2	1	0	0	0	0	0		 Score=0.166667
0	0	0	0	0	0	1	2	0	1	3		 Score=0.125000
3	0	0	0	0	0	0	0	0	0	0		 Score=1.000000
0	0	0	0	0	0	2	0	0	0	1		 Score=0.125000
1	0	0	0	0	0	0	0	4	0	0		 Score=0.062500
0	0	0	0	0	0	0	0	0	0	0		 Score=1.000000
0	0	0	0	0	0	2	0	0	0	1		 Score=0.125000
0	0	2	1	0	4	1	0	0	0	0		 Score=0.125000
0	0	0	0	0	2	0	6	1	6	1		 Score=0.100000
1	0	0	0	2	0	0	1	0	0	0		 Score=0.055556
0	0	0	0	0	0	2	0	0	0	1		 Score=0.125000
0	0	0	0	0	0	2	0	0	0	1		 Score=0.125000
0	0	0	0	0	0	0	2	0	0	2		 Score=0.166667
5	0	2	0	0	0	0	0	0	0	0		 Score=0.250000
1	0	0	0	0	0	2	0	0	0	0		 Score=0.083333
0	0	0	0	0	0	2	0	0	0	1		 Score=0.125000
0	0	0	0	2	4	0	0	2	3	1		 Score=0.066667
1	0	0	0	0	0	2	0	0	0	0		 Score=0.083333
1	0	0	0	0	0	2	0	0	0	0		 Score=0.083333
3	0	4	1	0	0	0	0	0	0	0		 Score=0.166667
0	1	1	2	0	3	6	5	0	1	0		 Score=0.047619
0	0	0	0	0	0	1	2	1	2	3		 Score=0.200000
0	0	0	0	1	0	0	2	0	0	1		 Score=0.066667
1	0	0	0	0	0	0	3	0	0	0		 Score=0.071429
0	0	0	0	0	0	1	0	2	0	2		 Score=0.111111
0	0	0	0	0	0	0	0	0	0	0		 Score=1.000000
1	0	1	1	0	0	0	3	3	0	0		 Score=0.040000
1	0	0	0	2	0	0	1	0	0	0		 Score=0.055556
3	0	0	0	0	0	0	0	0	0	0		 Score=1.000000
0	0	2	2	3	0	0	0	1	1	0		 Score=0.050000
0	0	0	0	0	0	2	0	0	0	1		 Score=0.125000
0	0	0	0	0	0	0	0	0	0	0		 Score=1.000000
0	0	0	0	0	0	0	0	2	0	3		 Score=0.250000
0	0	0	0	0	0	2	1	2	3	1		 Score=0.200000
0	0	0	0	0	0	0	0	0	0	0		 Score=1.000000
4	0	0	0	0	0	0	0	0	0	0		 Score=1.000000
0	54	35	7	1	0	0	0	0	0	0		 Score=0.250000
1	2	7	2	2	0	0	0	0	0	0		 Score=0.200000
0	0	0	0	0	0	0	0	0	0	0		 Score=1.000000
0	0	1	0	3	0	2	0	0	1	0		 Score=0.050000
1	0	0	0	0	0	2	0	0	0	0		 Score=0.083333
0	0	0	0	0	0	0	1	0	1	11		 Score=0.166667
0	0	0	0	0	0	0	0	0	0	0		 Score=1.000000
0	0	0	0	0	0	0	0	0	0	3		 Score=1.000000
1	0	0	3	7	0	3	0	0	0	0		 Score=0.062500
1	0	0	0	0	0	2	0	0	0	0		 Score=0.083333
0	0	0	0	0	0	2	0	0	0	1		 Score=0.125000
0	0	0	0	0	0	0	0	0	0	0		 Score=1.000000
0	0	0	0	0	0	0	0	0	0	3		 Score=1.000000
0	0	0	0	0	0	3	1	1	3	5		 Score=0.200000
0	0	0	0	0	0	0	0	0	0	0		 Score=1.000000
1	0	0	0	0	0	2	0	0	0	0		 Score=0.083333
0	0	0	0	0	0	0	0	0	0	0		 Score=0.500000
1	0	0	0	0	0	2	0	0	0	0		 Score=0.083333
1	0	0	0	0	0	0	3	0	0	0		 Score=0.071429
3	0	0	0	0	0	0	0	0	0	0		 Score=1.000000
2	0	0	0	2	0	0	0	0	0	0		 Score=0.125000
1	0	0	0	0	0	2	0	0	0	0		 Score=0.083333
0	0	0	0	0	0	0	0	0	0	0		 Score=1.000000
0	0	0	0	0	0	0	0	0	0	3		 Score=1.000000
0	0	0	0	0	0	0	0	0	0	3		 Score=1.000000
3	0	0	0	0	0	0	0	0	0	0		 Score=1.000000
4	0	4	0	0	0	0	0	0	0	0		 Score=0.250000
0	0	0	0	0	0	0	2	0	0	2		 Score=0.166667
1	0	0	0	0	0	0	2	0	3	0		 Score=0.041667
1	0	0	3	0	0	0	0	1	0	0		 Score=0.047619
0	0	0	0	0	0	0	0	0	0	3		 Score=1.000000
3	0	0	0	0	0	0	0	0	0	0		 Score=1.000000
1	0	0	0	0	0	2	0	0	0	0		 Score=0.083333
0	0	0	0	0	0	0	0	0	0	7		 Score=1.000000
0	0	0	0	0	0	0	0	0	0	3		 Score=1.000000
0	0	0	0	0	0	0	0	0	0	0		 Score=1.000000
0	0	0	0	0	0	2	0	0	0	1		 Score=0.125000
1	0	0	0	0	0	2	0	0	0	0		 Score=0.083333
0	0	0	0	0	0	0	0	0	0	0		 Score=1.000000
0	0	0	0	0	0	0	0	0	0	3		 Score=1.000000
0	0	0	0	0	0	0	0	0	0	7		 Score=1.000000
0	0	0	3	0	0	1	0	1	0	0		 Score=0.083333
0	0	0	0	0	0	0	0	3	1	10		 Score=0.333333
0	0	0	2	0	2	0	2	0	0	0		 Score=0.111111
0	0	0	1	0	0	0	4	2	1	3		 Score=0.050000
0	0	0	0	0	0	0	0	0	0	0		 Score=1.000000
3	0	0	0	0	0	0	0	0	0	0		 Score=1.000000
1	0	0	0	0	0	2	0	0	0	0		 Score=0.083333
1	0	0	0	0	0	2	0	0	0	0		 Score=0.083333
0	0	0	0	0	0	0	0	0	0	0		 Score=1.000000
3	0	0	2	0	0	0	0	0	0	0		 Score=0.166667
0	0	0	0	0	0	0	0	0	0	0		 Score=1.000000
1	0	0	0	0	0	0	3	0	0	0		 Score=0.071429
1	0	0	0	0	0	2	0	0	0	0		 Score=0.083333
0	0	0	0	0	0	0	0	2	2	4		 Score=0.333333
1	0	0	0	0	0	2	0	0	0	0		 Score=0.083333
5	4	3	0	0	0	0	0	0	0	0		 Score=0.333333
0	0	0	0	2	0	1	0	4	2	0		 Score=0.083333
0	0	0	0	2	0	0	2	0	0	0		 Score=0.166667
0	0	2	3	1	0	1	1	1	0	0		 Score=0.083333
1	0	0	0	0	3	0	0	0	2	0		 Score=0.041667
0	0	0	0	0	0	0	0	2	0	3		 Score=0.250000
1	0	0	0	2	0	0	1	0	0	0		 Score=0.055556
0	0	0	0	0	0	0	0	0	0	3		 Score=1.000000
3	0	0	0	0	0	0	0	0	0	0		 Score=1.000000
3	0	0	2	0	0	0	0	0	0	0		 Score=0.166667
0	0	0	0	0	0	0	0	0	0	0		 Score=1.000000
0	0	0	0	0	0	0	2	0	0	2		 Score=0.166667
0	0	0	0	0	0	0	0	0	2	7		 Score=0.500000
0	0	0	0	1	0	0	2	0	0	1		 Score=0.066667
0	0	0	0	0	0	2	0	0	0	1		 Score=0.125000
0	0	0	0	0	0	0	0	0	0	0		 Score=1.000000
0	0	0	0	0	0	0	0	0	0	3		 Score=1.000000
0	0	0	0	0	0	2	0	0	0	1		 Score=0.125000
1	0	0	0	0	0	2	0	0	0	0		 Score=0.083333
0	0	0	0	0	0	2	0	0	0	1		 Score=0.125000
0	0	0	0	0	0	0	1	0	2	3		 Score=0.166667
0	0	0	0	1	1	0	1	5	2	0		 Score=0.100000
0	0	0	0	0	0	0	0	1	2	5		 Score=0.333333
1	0	2	1	5	0	1	1	0	0	0		 Score=0.055556
1	0	0	0	0	0	2	0	0	0	0		 Score=0.083333
3	1	2	3	3	0	0	0	0	0	0		 Score=0.200000
1	0	0	0	0	0	0	0	4	0	0		 Score=0.062500
0	0	1	0	5	0	1	0	0	0	0		 Score=0.111111
1	0	0	2	4	4	0	0	0	0	0		 Score=0.083333
3	0	0	0	0	0	0	0	0	0	0		 Score=1.000000
0	0	0	0	0	0	0	2	0	4	3		 Score=0.166667
2	0	0	2	0	0	1	0	0	0	0		 Score=0.066667
0	0	0	0	0	0	0	0	0	0	3		 Score=1.000000
0	0	0	0	0	0	0	0	0	2	4		 Score=0.500000
0	0	0	0	2	1	0	4	3	3	1		 Score=0.083333
0	0	0	0	0	0	0	0	0	0	0		 Score=1.000000
3	13	6	5	1	0	0	0	0	0	0		 Score=0.200000
3	0	4	1	0	0	0	0	0	0	0		 Score=0.166667
0	0	0	0	2	0	0	4	0	2	4		 Score=0.062500
0	0	0	3	1	3	5	9	5	3	0		 Score=0.142857
1	0	0	0	0	0	0	0	0	7	0		 Score=0.055556
0	0	0	0	1	0	2	1	0	2	1		 Score=0.066667
0	0	0	0	0	0	0	0	0	0	0		 Score=0.500000
0	0	0	0	0	0	0	1	0	2	4		 Score=0.166667
0	7	9	4	6	6	0	0	0	0	0		 Score=0.200000
3	0	0	0	0	0	4	0	0	0	0		 Score=0.083333
0	0	0	0	0	0	0	0	0	0	5		 Score=1.000000
1	0	2	0	0	0	4	0	0	0	0		 Score=0.066667
1	0	0	4	0	0	0	0	0	0	0		 Score=0.166667
0	0	0	0	0	0	0	0	0	0	4		 Score=1.000000
1	1	2	1	1	7	5	3	1	0	0		 Score=0.111111
1	0	0	0	0	0	0	3	0	0	0		 Score=0.071429
1	0	0	0	0	0	2	0	0	0	0		 Score=0.083333
1	0	0	0	0	0	0	0	4	0	0		 Score=0.062500
2	0	0	4	0	0	0	0	0	0	0		 Score=0.166667
19	14	5	0	0	0	0	0	0	0	0		 Score=0.333333
1	0	1	3	5	2	2	1	0	0	0		 Score=0.071429
0	0	0	0	0	0	0	0	0	0	0		 Score=1.000000
2	0	0	2	0	0	1	0	0	0	0		 Score=0.066667
0	3	7	15	2	0	1	0	0	0	0		 Score=0.100000
1	0	0	0	0	0	2	0	0	0	0		 Score=0.083333
0	0	0	4	0	0	1	0	0	0	0		 Score=0.166667
1	0	0	0	0	0	0	2	0	4	0		 Score=0.041667
0	0	0	0	0	0	0	0	0	0	0		 Score=1.000000
2	0	0	2	0	0	1	0	0	0	0		 Score=0.066667
3	0	0	2	0	0	0	0	0	0	0		 Score=0.166667
2	0	0	0	0	2	0	2	0	0	0		 Score=0.055556
0	0	0	1	2	0	3	1	1	1	0		 Score=0.083333
0	0	0	0	0	0	0	0	1	2	5		 Score=0.333333
0	0	2	0	1	0	2	3	1	0	0		 Score=0.066667
1	0	0	0	0	0	0	2	0	4	0		 Score=0.041667
0	0	0	0	1	2	0	1	2	1	5		 Score=0.083333
1	0	0	0	0	0	0	0	4	0	0		 Score=0.062500
0	0	0	0	0	0	2	0	0	0	1		 Score=0.125000
0	0	0	0	0	0	0	0	0	0	0		 Score=1.000000
0	0	0	1	0	0	2	0	1	0	1		 Score=0.050000
0	0	0	0	0	0	0	0	0	0	0		 Score=1.000000
2	0	0	4	0	0	0	0	0	0	0		 Score=0.166667
0	0	0	0	0	1	0	1	4	0	4		 Score=0.083333
1	0	0	0	0	0	2	0	0	0	0		 Score=0.083333
0	0	0	0	0	2	0	2	0	2	0		 Score=0.111111
0	0	0	0	0	0	0	2	0	1	8		 Score=0.166667
0	0	0	0	0	0	0	1	1	3	5		 Score=0.250000
0	0	0	0	0	0	0	0	0	0	0		 Score=1.000000
3	0	4	1	0	0	0	0	0	0	0		 Score=0.166667
3	0	0	0	0	0	0	0	0	0	0		 Score=1.000000
0	0	0	0	0	1	3	6	11	19	10		 Score=0.166667
3	0	0	2	0	0	0	0	0	0	0		 Score=0.166667
0	0	0	0	0	0	1	1	3	3	3		 Score=0.200000
11	13	8	0	0	0	0	0	0	0	0		 Score=0.333333
1	0	0	0	0	0	2	0	0	0	0		 Score=0.083333
4	0	0	0	0	0	0	0	0	0	0		 Score=1.000000
1	0	0	0	0	0	2	0	0	0	0		 Score=0.083333
0	0	0	0	0	0	0	0	0	0	5		 Score=1.000000
0	0	0	0	1	0	2	0	1	5	0		 Score=0.083333
0	0	0	0	0	0	0	0	0	0	4		 Score=1.000000
3	0	0	0	0	0	0	0	0	0	0		 Score=1.000000
1	0	0	0	2	0	0	1	0	0	0		 Score=0.055556
0	0	0	0	0	0	2	0	0	0	1		 Score=0.125000
0	0	0	0	0	0	2	0	0	0	1		 Score=0.125000
0	0	0	1	0	0	0	0	3	0	1		 Score=0.055556
0	1	1	3	2	2	3	0	0	0	0		 Score=0.166667
0	0	0	0	0	0	2	0	0	0	1		 Score=0.125000
1	1	1	0	0	1	3	1	3	1	0		 Score=0.041667
0	0	0	0	0	1	0	0	0	3	2		 Score=0.083333
0	0	0	0	0	0	0	0	0	0	0		 Score=0.500000
0	0	0	0	0	0	0	0	0	0	0		 Score=0.500000
0	0	0	0	0	0	0	0	1	2	5		 Score=0.333333
0	0	0	0	2	0	6	1	4	0	2		 Score=0.066667
3	0	0	0	0	0	0	0	0	0	0		 Score=1.000000
0	0	0	0	0	0	0	0	0	0	0		 Score=1.000000
1	0	0	0	1	0	2	3	0	0	0		 Score=0.050000
0	0	0	0	0	0	0	0	0	0	0		 Score=1.000000
1	0	0	0	0	0	2	0	0	0	0		 Score=0.083333
0	0	0	0	0	0	0	0	0	0	0		 Score=1.000000
0	0	0	0	0	0	0	0	0	0	0		 Score=1.000000
0	0	0	0	0	0	2	0	0	0	1		 Score=0.125000
0	0	0	0	0	0	0	0	0	0	3		 Score=1.000000
1	0	0	0	0	0	2	0	0	0	0		 Score=0.083333
0	0	0	1	0	0	0	1	0	4	0		 Score=0.066667
3	0	0	0	0	0	0	0	0	0	0		 Score=1.000000
0	0	0	0	0	0	0	0	0	0	4		 Score=1.000000
0	0	0	0	0	0	0	0	0	0	0		 Score=1.000000
1	0	0	0	0	0	2	0	0	0	0		 Score=0.083333
1	1	0	2	1	3	3	0	1	0	0		 Score=0.047619
1	0	0	0	0	0	2	0	0	0	0		 Score=0.083333
0	0	0	0	0	0	0	0	0	0	0		 Score=1.000000
0	0	0	0	0	0	0	0	0	0	0		 Score=1.000000
0	0	0	0	0	0	0	1	0	2	3		 Score=0.166667
0	0	0	0	0	0	1	0	0	0	18		 Score=0.125000
0	0	0	0	0	0	2	0	0	0	1		 Score=0.125000
0	0	0	0	0	0	2	0	0	0	1		 Score=0.125000
0	0	0	0	0	0	2	0	0	0	1		 Score=0.125000
0	0	0	0	0	0	0	0	0	0	5		 Score=1.000000
1	0	0	0	0	0	2	0	0	0	0		 Score=0.083333
0	0	2	6	0	0	0	0	0	0	0		 Score=0.500000
1	0	0	0	0	0	2	0	0	0	0		 Score=0.083333
0	0	0	0	0	0	0	0	0	0	3		 Score=1.000000
0	0	0	0	0	0	0	0	0	0	7		 Score=1.000000
0	0	0	0	0	0	0	0	0	0	3		 Score=1.000000
0	0	0	0	0	0	0	0	0	0	5		 Score=1.000000
1	0	0	0	0	0	2	0	0	0	0		 Score=0.083333
0	0	0	0	0	0	0	2	0	2	2		 Score=0.166667
4	0	2	2	5	1	0	0	0	0	0		 Score=0.100000
0	0	0	0	0	0	0	0	0	0	3		 Score=1.000000
3	0	0	0	0	3	0	0	0	0	0		 Score=0.100000
0	0	0	0	0	0	1	0	2	0	2		 Score=0.111111
1	0	0	0	0	0	2	0	0	0	0		 Score=0.083333
0	0	0	0	0	0	2	0	0	0	1		 Score=0.125000
3	0	0	0	0	0	0	0	0	0	0		 Score=1.000000
0	0	0	0	0	0	0	0	0	0	5		 Score=1.000000
0	0	0	0	0	0	0	0	0	0	3		 Score=1.000000
4	0	0	2	0	0	0	0	0	0	0		 Score=0.166667
1	0	1	1	0	3	1	0	0	1	0		 Score=0.033333
0	0	0	0	0	0	0	0	0	0	3		 Score=1.000000
4	0	0	0	0	0	0	0	0	0	0		 Score=1.000000
3	0	0	0	0	0	0	0	0	0	0		 Score=1.000000
0	0	0	0	0	0	0	0	0	0	0		 Score=0.500000
0	0	0	0	0	0	2	0	0	0	1		 Score=0.125000
1	0	1	3	2	0	1	1	0	0	0		 Score=0.055556
1	0	0	3	0	0	0	0	1	0	0		 Score=0.047619
2	0	0	2	0	0	1	0	0	0	0		 Score=0.066667
0	0	0	0	0	0	0	2	0	2	3		 Score=0.166667
2	0	0	4	0	0	0	0	0	0	0		 Score=0.166667
1	0	0	0	0	0	2	0	0	0	0		 Score=0.083333
1	0	0	0	0	0	2	0	0	0	0		 Score=0.083333
0	0	0	0	0	0	0	0	0	0	0		 Score=1.000000
1	0	0	0	0	0	2	0	0	0	0		 Score=0.083333
0	0	0	0	0	0	0	0	0	0	3		 Score=1.000000
0	0	0	0	0	0	0	0	0	0	0		 Score=1.000000
0	0	0	0	0	0	0	0	0	0	3		 Score=1.000000
0	0	0	0	4	0	0	0	0	0	0		 Score=1.000000
0	0	0	0	0	0	0	0	0	0	4		 Score=1.000000
1	0	0	0	2	0	0	1	0	0	0		 Score=0.055556
0	0	0	0	0	0	0	0	0	0	0		 Score=1.000000
0	0	0	0	0	0	2	0	0	0	1		 Score=0.125000
4	13	11	1	0	0	0	0	0	0	0		 Score=0.250000
0	0	0	0	0	0	0	0	0	0	0		 Score=1.000000
0	3	4	12	11	8	8	6	3	0	0		 Score=0.125000
3	0	0	2	0	1	0	0	0	0	0		 Score=0.083333
5	0	0	0	0	0	0	0	0	0	0		 Score=1.000000
0	4	3	6	4	3	2	3	0	0	0		 Score=0.142857
0	0	0	0	0	1	0	0	0	3	2		 Score=0.083333
3	0	0	0	0	0	0	0	0	0	0		 Score=1.000000
0	0	1	0	1	2	3	1	1	1	0		 Score=0.071429
0	0	1	2	13	5	8	8	2	1	0		 Score=0.125000
0	0	0	1	0	0	0	0	3	0	1		 Score=0.055556
1	0	0	0	1	0	1	3	2	2	0		 Score=0.033333
1	0	0	0	0	0	2	0	0	0	0		 Score=0.083333
0	0	0	0	0	0	0	0	0	0	0		 Score=1.000000
1	0	0	0	2	0	0	1	0	0	0		 Score=0.055556
0	4	3	3	1	1	0	0	0	0	0		 Score=0.200000
0	0	0	0	0	0	0	0	0	0	0		 Score=1.000000
1	0	0	0	0	0	0	3	0	0	0		 Score=0.071429
0	0	0	0	1	0	3	3	4	0	4		 Score=0.066667
1	2	1	2	2	4	2	2	0	0	0		 Score=0.125000
0	0	0	1	0	2	0	1	4	1	2		 Score=0.055556
2	0	0	0	2	0	0	0	0	0	0		 Score=0.125000
0	0	0	0	0	0	2	0	0	0	1		 Score=0.125000
4	0	2	0	1	0	0	0	0	0	0		 Score=0.111111
0	0	0	0	0	0	0	0	7	9	13		 Score=0.333333
0	0	0	0	0	0	0	0	0	0	0		 Score=1.000000
1	0	1	4	4	0	1	0	0	0	0		 Score=0.066667
2	0	2	5	2	2	2	0	0	0	0		 Score=0.083333
0	0	0	0	0	0	0	0	0	0	0		 Score=1.000000
0	0	0	0	1	0	1	1	3	4	2		 Score=0.083333
0	0	0	1	0	0	0	2	1	5	1		 Score=0.050000
0	0	0	0	0	1	1	0	2	2	6		 Score=0.100000
4	0	0	0	0	0	0	0	0	0	0		 Score=1.000000
5	0	2	0	0	0	0	0	0	0	0		 Score=0.250000
0	0	0	0	0	0	0	0	0	0	0		 Score=1.000000
1	0	0	0	0	0	0	3	0	0	0		 Score=0.071429
0	0	0	0	0	0	0	0	0	0	0		 Score=1.000000
1	0	0	0	0	0	2	0	0	0	0		 Score=0.083333
4	4	7	8	1	2	0	0	0	0	0		 Score=0.166667
1	0	3	2	5	0	0	0	0	0	0		 Score=0.125000
0	0	0	0	0	0	2	0	0	0	1		 Score=0.125000
1	0	0	0	0	0	2	0	0	0	0		 Score=0.083333
0	0	0	0	0	0	1	0	2	0	2		 Score=0.111111
4	10	8	6	4	3	0	0	0	0	0		 Score=0.166667
6	6	0	0	0	0	0	0	0	0	0		 Score=0.500000
0	0	2	0	2	2	4	2	0	2	0		 Score=0.055556
0	0	0	0	0	0	1	0	3	3	1		 Score=0.125000
0	0	0	4	0	2	0	0	0	0	0		 Score=0.250000
0	0	0	0	0	1	1	0	2	1	3		 Score=0.100000
0	0	0	1	2	2	0	2	5	7	2		 Score=0.071429
0	0	0	0	0	0	0	0	0	0	0		 Score=1.000000
0	0	2	2	3	3	1	0	0	0	0		 Score=0.200000
1	0	1	4	1	0	2	0	0	0	0		 Score=0.066667
1	0	1	0	0	0	0	4	0	1	0		 Score=0.035714
0	0	0	0	0	0	0	0	0	0	0		 Score=1.000000
0	0	0	0	1	0	0	2	0	0	1		 Score=0.066667
0	0	0	0	0	0	0	0	0	0	0		 Score=1.000000
0	0	0	0	0	0	0	0	0	0	0		 Score=1.000000
0	0	2	3	0	1	1	0	1	0	0		 Score=0.066667
0	0	0	0	0	0	0	0	0	0	0		 Score=1.000000
1	0	0	2	0	0	2	0	0	0	0		 Score=0.066667
1	0	0	1	0	0	2	0	1	0	0		 Score=0.041667
0	0	0	0	0	0	0	0	0	0	3		 Score=1.000000
0	0	0	0	0	0	0	0	2	0	3		 Score=0.250000
1	0	0	0	0	0	2	0	0	0	0		 Score=0.083333
0	0	0	0	0	0	0	1	5	5	12		 Score=0.250000
0	0	0	0	0	0	2	0	0	0	1		 Score=0.125000
0	0	0	0	0	0	0	0	2	0	3		 Score=0.250000
1	0	0	0	0	0	2	0	0	0	0		 Score=0.083333
0	0	0	0	0	0	0	0	0	0	0		 Score=1.000000
0	0	0	0	0	0	0	1	0	2	3		 Score=0.166667
2	0	0	0	0	0	3	0	0	0	0		 Score=0.083333
0	0	0	0	0	0	0	1	0	3	5		 Score=0.166667
2	0	0	0	0	0	3	0	0	0	0		 Score=0.083333
4	0	0	0	3	0	0	0	0	0	0		 Score=0.125000
0	0	1	0	1	0	3	2	0	0	0		 Score=0.083333
0	0	0	0	0	0	0	0	0	0	0		 Score=1.000000
0	0	0	0	0	1	0	0	2	4	1		 Score=0.083333
0	0	0	0	0	0	0	0	0	0	0		 Score=1.000000
4	0	0	0	0	0	0	0	0	0	0		 Score=1.000000
0	0	0	1	0	0	1	0	3	0	0		 Score=0.083333
1	0	1	0	0	0	0	4	0	1	0		 Score=0.035714
2	0	0	0	2	0	0	0	0	0	0		 Score=0.125000
0	0	0	0	0	0	0	0	0	0	3		 Score=1.000000
0	0	1	0	2	0	1	3	0	0	0		 Score=0.083333
1	0	0	0	0	0	0	3	0	0	0		 Score=0.071429
1	0	0	0	0	0	2	0	0	0	0		 Score=0.083333
0	0	0	0	0	0	2	0	0	0	1		 Score=0.125000
1	0	0	0	2	0	0	1	0	0	0		 Score=0.055556
0	0	0	1	0	0	0	0	3	0	1		 Score=0.055556
4	0	0	0	3	0	0	0	0	0	0		 Score=0.125000
0	0	0	0	0	0	0	0	0	0	0		 Score=1.000000
0	0	0	0	0	1	1	0	5	1	0		 Score=0.125000
0	0	0	0	0	0	0	0	0	0	4		 Score=1.000000
0	0	0	0	0	0	0	0	0	0	4		 Score=1.000000
0	0	0	0	0	0	0	0	0	0	0		 Score=1.000000
0	0	0	0	0	0	0	0	0	0	6		 Score=1.000000
1	0	0	0	0	0	2	0	0	0	0		 Score=0.083333
0	0	0	0	0	0	0	0	0	0	4		 Score=1.000000
0	0	0	0	0	0	2	0	2	0	1		 Score=0.111111
1	0	0	0	0	0	2	0	0	0	0		 Score=0.083333
0	0	0	0	0	0	0	0	0	0	0		 Score=1.000000
0	0	0	1	0	0	0	0	3	0	1		 Score=0.055556
0	0	0	0	0	0	0	0	0	0	0		 Score=1.000000
3	0	0	0	0	0	0	0	0	0	0		 Score=1.000000
0	0	0	0	0	0	0	0	0	0	0		 Score=0.500000
1	0	0	0	0	0	2	0	0	0	0		 Score=0.083333
0	0	0	1	0	0	0	2	0	2	1		 Score=0.050000
0	0	0	2	3	3	3	0	0	0	0		 Score=0.250000
0	0	3	0	2	0	1	1	0	0	0		 Score=0.083333
0	0	0	0	0	0	0	0	0	0	0		 Score=1.000000
1	0	0	0	0	0	2	0	0	0	0		 Score=0.083333
0	0	0	0	0	0	0	0	0	0	0		 Score=1.000000
1	0	0	0	0	0	2	0	0	0	0		 Score=0.083333
0	0	0	0	0	0	0	0	0	0	3		 Score=1.000000
2	0	0	0	2	0	0	0	0	0	0		 Score=0.125000
0	0	0	0	0	0	0	0	0	0	0		 Score=1.000000
0	0	3	4	5	6	11	5	5	2	0		 Score=0.125000
0	0	4	8	11	3	5	1	3	0	0		 Score=0.142857
1	0	0	1	0	2	0	1	0	1	0		 Score=0.033333
0	0	0	0	0	0	0	0	0	0	0		 Score=1.000000
0	0	0	0	0	0	0	0	0	0	0		 Score=1.000000
1	0	2	3	3	4	1	2	0	0	0		 Score=0.071429
0	0	0	0	0	0	0	0	0	0	0		 Score=1.000000
0	0	0	0	0	0	0	0	0	0	0		 Score=1.000000
0	0	0	0	0	2	0	2	5	3	4		 Score=0.100000
0	0	0	2	0	0	1	0	2	0	0		 Score=0.083333
1	0	5	18	3	10	14	17	1	0	0		 Score=0.062500
17	87	2	0	0	0	0	0	0	0	0		 Score=0.333333
4	0	6	1	0	0	0	0	0	0	0		 Score=0.166667
2	0	0	0	0	0	3	0	0	0	0		 Score=0.083333
0	0	0	0	0	0	0	0	1	2	5		 Score=0.333333
1	0	0	0	0	0	2	0	0	0	0		 Score=0.083333
5	0	2	0	0	0	0	0	0	0	0		 Score=0.250000
4	0	0	0	0	0	0	0	0	0	0		 Score=1.000000
1	0	0	4	0	1	0	0	0	0	0		 Score=0.083333
2	0	0	2	0	2	0	0	0	0	0		 Score=0.083333
0	0	0	1	1	1	2	3	4	6	1		 Score=0.125000
6	0	0	0	0	0	0	0	0	0	0		 Score=1.000000
3	2	2	0	1	4	1	0	0	0	0		 Score=0.083333
1	9	12	6	5	7	0	0	0	0	0		 Score=0.166667
3	0	0	2	0	0	0	0	0	0	0		 Score=0.166667
0	0	0	0	0	0	0	2	0	0	2		 Score=0.166667
1	0	1	0	1	1	1	4	1	0	0		 Score=0.047619
1	0	0	0	0	0	2	0	0	0	0		 Score=0.083333
3	0	0	0	0	0	0	0	0	0	0		 Score=1.000000
0	0	0	0	0	2	0	0	2	4	0		 Score=0.111111
2	0	0	0	0	0	0	4	0	0	0		 Score=0.071429
2	0	1	1	4	2	0	0	1	0	0		 Score=0.041667
3	0	0	0	0	0	0	0	0	0	0		 Score=1.000000
0	0	0	0	0	0	0	0	0	0	0		 Score=1.000000
0	0	0	0	0	0	0	0	2	0	3		 Score=0.250000
0	0	0	0	0	0	0	0	0	0	0		 Score=1.000000
0	0	0	0	0	0	2	0	0	0	1		 Score=0.125000
1	0	0	0	0	0	2	0	0	0	0		 Score=0.083333
1	0	0	0	0	0	0	3	0	0	0		 Score=0.071429
0	0	0	0	0	0	0	0	0	0	3		 Score=1.000000
0	0	0	0	0	0	0	0	0	0	4		 Score=1.000000
1	0	0	0	0	0	0	3	0	0	0		 Score=0.071429
2	0	0	1	0	1	3	2	1	1	0		 Score=0.035714
0	0	0	0	0	0	0	0	1	2	5		 Score=0.333333
1	0	0	0	2	0	0	1	0	0	0		 Score=0.055556
0	0	0	0	0	0	2	0	0	0	1		 Score=0.125000
3	0	4	1	0	0	0	0	0	0	0		 Score=0.166667
0	0	0	0	0	0	0	2	0	0	2		 Score=0.166667
2	0	0	0	2	0	0	0	0	0	0		 Score=0.125000
3	0	0	0	1	0	3	3	0	0	0		 Score=0.050000
0	0	0	0	0	0	0	1	3	3	8		 Score=0.250000
0	0	0	0	0	0	0	0	0	0	0		 Score=1.000000
3	0	0	0	0	0	0	0	0	0	0		 Score=1.000000
0	0	0	0	0	0	0	0	0	0	4		 Score=1.000000
2	0	0	0	0	2	2	0	2	0	0		 Score=0.041667
0	0	0	0	3	0	1	1	0	1	1		 Score=0.066667
0	0	0	0	0	0	0	0	0	0	0		 Score=1.000000
0	0	0	0	0	0	0	0	0	0	0		 Score=1.000000
0	0	0	0	0	0	1	0	1	3	3		 Score=0.125000
0	0	0	0	0	0	0	0	0	0	0		 Score=1.000000
0	0	0	0	2	0	0	2	0	0	0		 Score=0.166667
1	0	0	4	0	1	0	0	0	0	0		 Score=0.083333
1	0	0	0	0	0	2	0	0	0	0		 Score=0.083333
1	0	0	0	0	0	2	0	0	0	0		 Score=0.083333
0	0	0	0	0	0	2	0	0	0	1		 Score=0.125000
0	0	0	0	0	0	2	0	0	0	1		 Score=0.125000
0	0	0	0	0	0	0	2	0	0	2		 Score=0.166667
2	0	0	0	2	0	0	0	0	0	0		 Score=0.125000
1	0	2	2	4	0	0	0	0	0	0		 Score=0.125000
1	0	0	0	0	0	2	0	0	0	0		 Score=0.083333
2	0	0	1	0	3	1	0	1	0	0		 Score=0.040000
0	0	0	0	0	0	0	0	0	0	3		 Score=1.000000
0	0	0	0	0	0	0	1	0	2	4		 Score=0.166667
1	0	0	0	2	0	0	1	0	0	0		 Score=0.055556
0	0	0	0	1	0	0	2	0	0	1		 Score=0.066667
3	0	0	0	0	0	0	0	0	0	0		 Score=1.000000
0	0	0	0	0	0	0	0	0	0	0		 Score=1.000000
4	0	0	0	3	0	0	0	0	0	0		 Score=0.125000
1	0	0	4	0	0	0	0	0	0	0		 Score=0.166667
5	0	0	0	0	0	0	0	0	0	0		 Score=1.000000
0	0	0	0	0	0	0	2	0	2	3		 Score=0.166667
0	0	0	0	0	0	0	0	0	0	0		 Score=1.000000
1	0	0	0	0	0	0	0	4	0	0		 Score=0.062500
0	0	0	0	0	0	0	0	0	0	0		 Score=1.000000
0	0	0	4	0	0	1	0	0	0	0		 Score=0.166667
0	0	0	0	0	0	2	0	0	0	1		 Score=0.125000
0	0	0	0	0	0	0	0	0	0	0		 Score=1.000000
0	0	0	0	0	0	0	2	0	0	2		 Score=0.166667
0	0	0	0	0	0	0	2	0	0	2		 Score=0.166667
0	0	0	0	0	0	0	0	0	0	0		 Score=1.000000
0	0	0	0	0	0	0	0	0	0	0		 Score=1.000000
0	0	0	0	0	0	0	0	0	0	0		 Score=1.000000
1	0	0	0	0	0	2	0	0	0	0		 Score=0.083333
0	0	0	0	0	4	0	0	0	2	0		 Score=0.125000
0	0	0	0	0	0	0	0	0	2	0		 Score=0.500000
0	0	0	0	0	0	0	0	0	0	0		 Score=1.000000
1	0	0	0	0	0	2	0	0	0	0		 Score=0.083333
0	0	0	0	0	0	0	0	2	0	3		 Score=0.250000
0	0	0	0	1	0	0	2	0	0	1		 Score=0.066667
0	0	0	0	0	0	0	0	2	0	3		 Score=0.250000
1	0	0	0	0	0	0	3	0	0	0		 Score=0.071429

FOr degree bin index 4
1	0	0	0	0	0	2	0	0	0	0		 Score=0.083333
0	0	0	0	0	0	2	0	0	0	1		 Score=0.125000
3	0	0	0	0	0	0	0	0	0	0		 Score=1.000000
0	0	0	0	0	0	2	0	0	0	1		 Score=0.125000
0	0	0	0	0	0	0	0	0	0	0		 Score=1.000000
2	0	0	0	0	2	0	2	0	0	0		 Score=0.055556
0	0	0	0	0	0	0	2	0	0	2		 Score=0.166667
1	0	0	0	0	0	2	0	0	0	0		 Score=0.083333
0	0	0	0	0	0	0	0	0	0	0		 Score=1.000000
4	0	0	0	0	0	0	0	0	0	0		 Score=1.000000
3	0	0	0	0	0	0	0	0	0	0		 Score=1.000000
0	0	0	0	0	0	0	0	0	0	3		 Score=1.000000
0	0	0	0	0	0	0	0	0	0	0		 Score=1.000000
1	0	0	0	0	0	2	0	0	0	0		 Score=0.083333
0	0	0	0	0	0	1	3	0	1	2		 Score=0.125000
0	0	0	0	0	0	0	0	0	0	4		 Score=1.000000
0	0	0	0	0	0	0	0	0	0	3		 Score=1.000000
0	0	0	0	0	0	0	0	0	0	3		 Score=1.000000
3	0	0	0	0	0	0	0	0	0	0		 Score=1.000000
0	0	0	0	0	0	2	0	0	0	1		 Score=0.125000
0	0	0	0	1	0	1	2	0	1	2		 Score=0.066667
6	8	11	5	0	0	0	0	0	0	0		 Score=0.250000
1	15	10	10	6	1	0	0	0	0	0		 Score=0.166667
0	0	0	0	0	0	0	0	0	0	4		 Score=1.000000
0	0	0	1	0	0	2	4	1	6	2		 Score=0.055556
5	4	0	4	2	1	0	0	0	0	0		 Score=0.100000
6	6	10	8	7	6	3	1	0	0	0		 Score=0.125000
4	0	4	1	0	0	0	0	0	0	0		 Score=0.166667
4	2	3	5	1	0	0	0	0	0	0		 Score=0.200000
4	6	6	3	0	0	0	0	0	0	0		 Score=0.250000
2	15	25	2	0	0	0	0	0	0	0		 Score=0.250000
2	46	36	61	9	0	0	0	0	0	0		 Score=0.200000
2	0	0	0	0	3	2	3	0	1	0		 Score=0.033333
1	85	41	25	7	1	0	0	0	0	0		 Score=0.166667
6	9	0	1	0	0	0	0	0	0	0		 Score=0.166667
1	0	0	0	0	0	0	2	0	3	0		 Score=0.041667
3	25	19	18	6	0	0	0	0	0	0		 Score=0.200000
0	0	0	0	1	3	2	2	1	0	3		 Score=0.083333
1	1	1	0	4	4	7	14	12	6	0		 Score=0.055556
0	1	2	3	2	2	1	3	0	0	0		 Score=0.142857
0	0	0	0	0	0	3	2	2	2	1		 Score=0.200000
1	0	0	0	0	0	2	0	0	0	0		 Score=0.083333
0	0	1	1	1	0	1	3	2	1	1		 Score=0.062500
0	13	13	20	3	0	0	0	0	0	0		 Score=0.250000
0	0	0	1	0	0	1	0	3	0	0		 Score=0.083333
1	0	0	0	2	0	0	1	0	0	0		 Score=0.055556
0	0	0	0	1	0	0	2	0	0	1		 Score=0.066667
0	40	20	18	26	7	0	0	0	0	0		 Score=0.200000
1	0	0	0	0	0	2	0	0	0	0		 Score=0.083333
4	36	41	46	23	8	0	0	0	0	0		 Score=0.166667
0	0	0	0	0	0	0	0	0	0	0		 Score=1.000000
0	0	0	0	0	0	0	0	0	0	0		 Score=1.000000
1	0	0	1	0	0	2	0	1	0	0		 Score=0.041667
3	8	6	2	6	11	6	0	0	0	0		 Score=0.142857
0	0	0	0	0	0	0	2	0	0	2		 Score=0.166667
1	0	0	1	0	0	2	0	1	0	0		 Score=0.041667
0	0	0	0	0	0	0	1	0	2	3		 Score=0.166667
0	0	0	0	0	1	0	2	4	5	7		 Score=0.100000
0	0	0	0	0	0	5	1	4	15	16		 Score=0.200000
0	0	0	0	0	0	0	0	0	0	0		 Score=1.000000
1	0	0	0	1	0	3	1	0	1	0		 Score=0.033333
0	0	0	0	0	0	0	0	0	0	0		 Score=1.000000
0	0	0	0	0	0	0	0	0	0	0		 Score=1.000000
0	0	0	0	0	0	0	0	0	0	0		 Score=1.000000
1	0	0	0	0	0	2	0	0	0	0		 Score=0.083333
4	9	7	3	0	0	0	0	0	0	0		 Score=0.250000
4	0	2	0	1	0	0	0	0	0	0		 Score=0.111111
3	1	1	0	1	3	2	3	0	0	0		 Score=0.071429
2	40	53	15	0	0	0	0	0	0	0		 Score=0.250000
0	0	1	0	0	0	0	0	0	6	1		 Score=0.047619
0	0	0	0	0	0	2	0	0	0	1		 Score=0.125000
2	0	0	0	2	0	0	0	0	0	0		 Score=0.125000
1	0	0	0	0	0	2	0	0	0	0		 Score=0.083333
0	0	0	0	0	0	0	2	0	0	2		 Score=0.166667
0	0	0	0	0	0	2	0	0	0	1		 Score=0.125000
9	11	2	13	8	2	0	0	0	0	0		 Score=0.166667
0	0	1	1	2	0	3	1	1	0	0		 Score=0.083333
0	0	0	0	0	1	0	0	0	3	2		 Score=0.083333
2	0	0	2	0	0	1	0	0	0	0		 Score=0.066667
1	0	0	0	0	0	2	0	0	0	0		 Score=0.083333
8	2	2	0	0	0	0	0	0	0	0		 Score=0.333333
2	0	0	0	2	0	0	0	0	0	0		 Score=0.125000
0	0	0	0	0	0	0	0	0	1	10		 Score=0.500000
6	0	0	0	0	0	0	0	0	0	0		 Score=1.000000
2	0	0	0	2	0	0	0	0	0	0		 Score=0.125000
3	1	4	5	2	1	2	0	0	0	0		 Score=0.142857
0	0	0	0	2	0	0	2	0	0	0		 Score=0.166667
0	0	0	0	0	0	2	0	0	0	1		 Score=0.125000
5	0	0	0	0	0	0	0	0	0	0		 Score=1.000000
0	0	0	0	0	0	1	0	1	3	3		 Score=0.125000
0	0	0	0	0	0	0	0	0	0	0		 Score=1.000000
1	0	0	1	0	1	2	0	1	2	0		 Score=0.033333
0	0	0	1	0	0	2	2	12	20	55		 Score=0.055556
0	0	0	0	0	0	0	0	1	5	10		 Score=0.333333
1	0	0	0	0	0	0	0	4	0	0		 Score=0.062500
1	0	0	0	0	2	0	2	0	1	0		 Score=0.035714
0	0	0	0	0	0	2	0	0	0	1		 Score=0.125000
3	0	0	0	0	0	0	0	0	0	0		 Score=1.000000
2	0	2	4	3	1	1	0	0	0	0		 Score=0.083333
0	0	0	0	0	0	0	0	0	0	0		 Score=1.000000
3	0	2	0	2	0	0	0	0	0	0		 Score=0.111111
0	0	0	0	0	0	0	2	0	0	2		 Score=0.166667
5	2	8	5	0	0	0	0	0	0	0		 Score=0.250000
0	0	0	1	0	0	0	0	0	4	1		 Score=0.055556
0	0	0	0	0	0	0	2	0	0	2		 Score=0.166667
0	0	0	0	0	0	0	0	0	0	3		 Score=1.000000
2	2	0	0	0	0	0	1	8	13	0		 Score=0.033333
3	0	0	0	0	0	0	0	0	0	0		 Score=1.000000
0	0	0	0	0	0	0	0	0	0	0		 Score=1.000000
0	0	0	0	0	0	0	0	0	0	9		 Score=1.000000
0	0	0	0	1	0	0	2	0	0	1		 Score=0.066667
6	0	0	0	0	0	0	0	0	0	0		 Score=1.000000
1	0	0	0	0	0	2	0	0	0	0		 Score=0.083333
0	0	0	0	0	0	0	0	0	0	6		 Score=0.500000
1	0	1	1	0	2	1	0	1	1	0		 Score=0.035714
4	3	0	2	2	1	0	0	0	0	0		 Score=0.100000
1	0	0	0	0	0	2	0	2	0	0		 Score=0.047619
0	0	0	0	0	0	0	0	0	0	4		 Score=1.000000
1	0	0	0	0	0	2	0	0	0	0		 Score=0.083333
0	0	0	0	0	0	0	0	0	0	3		 Score=1.000000
0	0	0	0	0	0	0	0	0	0	3		 Score=1.000000
1	0	0	0	0	1	0	2	0	2	0		 Score=0.035714
0	0	0	0	0	0	0	2	0	2	2		 Score=0.166667
0	0	0	0	0	0	0	0	0	0	4		 Score=1.000000
0	0	0	0	0	0	0	0	0	0	3		 Score=1.000000
3	0	0	0	0	0	0	0	0	0	0		 Score=1.000000
3	0	0	2	0	0	0	0	0	0	0		 Score=0.166667
0	0	0	0	0	0	0	0	1	2	5		 Score=0.333333
0	0	0	0	0	0	0	0	0	0	0		 Score=1.000000
1	0	0	0	0	0	2	0	0	0	0		 Score=0.083333
0	0	0	1	0	0	0	2	0	2	1		 Score=0.050000
0	0	0	0	0	0	0	0	0	2	4		 Score=0.500000
0	0	0	0	0	0	0	0	0	0	0		 Score=1.000000
0	0	0	0	0	0	0	0	0	0	0		 Score=1.000000
1	0	0	0	0	0	2	0	0	0	0		 Score=0.083333
0	0	0	1	0	0	0	0	3	0	1		 Score=0.055556
0	0	0	0	0	0	2	0	0	0	1		 Score=0.125000
0	0	0	0	0	0	0	0	0	0	3		 Score=1.000000
0	0	0	0	0	0	0	0	0	0	3		 Score=1.000000
0	0	0	0	0	0	2	0	0	0	1		 Score=0.125000
2	0	0	0	2	0	0	0	0	0	0		 Score=0.125000
2	0	0	0	2	0	0	0	0	0	0		 Score=0.125000
0	0	0	0	0	0	0	0	0	0	0		 Score=1.000000
3	0	0	0	0	0	0	0	0	0	0		 Score=1.000000
3	0	0	0	0	0	0	0	0	0	0		 Score=1.000000
0	0	0	0	0	0	0	0	0	0	3		 Score=1.000000
0	0	0	0	0	0	0	0	0	0	0		 Score=1.000000
0	0	0	0	0	0	0	0	0	0	4		 Score=1.000000
0	2	2	3	1	9	0	0	0	1	0		 Score=0.041667
0	0	0	0	0	0	0	0	0	0	4		 Score=1.000000
0	0	0	0	0	0	2	0	0	0	1		 Score=0.125000
0	0	0	0	0	0	2	0	0	0	1		 Score=0.125000
8	0	2	0	0	0	0	0	0	0	0		 Score=0.250000
4	83	25	1	0	0	0	0	0	0	0		 Score=0.250000
0	0	0	0	0	0	0	0	0	0	0		 Score=1.000000
4	0	0	0	0	0	0	0	0	0	0		 Score=1.000000
1	0	2	0	0	0	2	2	0	0	0		 Score=0.050000
0	0	0	0	0	0	0	0	0	0	3		 Score=1.000000
1	0	0	0	0	0	2	0	0	0	0		 Score=0.083333
0	0	0	0	0	0	0	0	0	0	4		 Score=1.000000
2	0	0	0	2	0	0	0	0	0	0		 Score=0.125000
0	0	2	3	4	7	7	5	9	2	0		 Score=0.125000
0	0	0	0	0	0	0	0	0	0	0		 Score=1.000000
1	0	0	0	0	0	2	0	0	0	0		 Score=0.083333
2	0	0	0	2	0	0	0	0	0	0		 Score=0.125000
0	0	0	0	0	0	2	0	0	0	1		 Score=0.125000
6	354	66	2	0	0	0	0	0	0	0		 Score=0.250000
0	0	1	0	2	3	2	11	8	13	6		 Score=0.062500
6	173	58	3	0	0	0	0	0	0	0		 Score=0.250000
0	0	2	0	0	4	6	11	3	6	11		 Score=0.047619
0	1	3	4	3	6	4	1	1	0	0		 Score=0.125000
2	2	1	4	3	0	0	1	0	0	0		 Score=0.055556
3	6	0	0	1	2	4	11	12	0	0		 Score=0.047619
0	0	1	1	1	0	2	3	1	1	1		 Score=0.062500
0	0	0	0	0	0	0	0	0	0	0		 Score=1.000000
0	0	0	0	0	0	2	0	2	0	1		 Score=0.111111
0	0	0	0	0	0	0	0	0	0	0		 Score=0.500000
1	0	0	0	0	0	0	0	0	5	0		 Score=0.055556
0	0	0	0	0	0	0	0	1	2	7		 Score=0.333333
2	1	4	5	5	6	14	9	5	5	0		 Score=0.100000
1	0	1	4	5	0	0	0	0	0	0		 Score=0.125000
3	0	0	0	0	0	0	0	0	0	0		 Score=1.000000
1	0	1	0	1	0	2	4	0	0	0		 Score=0.050000
0	0	0	0	0	0	0	0	0	0	7		 Score=1.000000
1	4	1	1	2	3	1	0	0	0	0		 Score=0.142857
0	0	6	3	8	5	8	5	3	3	0		 Score=0.125000
0	0	5	4	8	4	9	5	3	3	0		 Score=0.125000
0	0	0	0	1	0	0	3	1	2	7		 Score=0.066667
0	1	4	4	9	12	25	29	12	8	3		 Score=0.100000
2	3	2	0	6	1	0	0	0	0	0		 Score=0.100000
1	8	1	3	6	4	4	0	0	0	0		 Score=0.142857
0	0	1	5	5	5	3	2	1	0	0		 Score=0.142857
0	0	0	1	0	2	5	4	6	4	1		 Score=0.071429
2	0	0	0	0	1	2	2	5	9	1		 Score=0.028571
0	0	0	0	0	0	0	0	0	0	0		 Score=1.000000
0	1	0	0	0	0	1	1	10	1	1		 Score=0.033333
0	0	0	0	0	0	2	0	0	0	1		 Score=0.125000
0	0	0	0	0	0	0	0	0	0	0		 Score=1.000000
0	0	0	0	0	0	0	0	0	0	0		 Score=1.000000
0	0	0	1	0	0	2	0	1	0	1		 Score=0.050000
0	0	1	0	0	0	1	3	2	2	0		 Score=0.050000
0	0	0	0	0	1	1	3	1	4	0		 Score=0.200000
2	0	0	3	6	2	5	1	0	0	0		 Score=0.055556
3	1	5	3	0	0	0	0	0	0	0		 Score=0.250000
0	0	0	0	0	0	2	1	3	3	0		 Score=0.250000
1	0	1	0	0	1	2	0	2	1	0		 Score=0.033333
0	0	0	0	0	0	0	0	0	0	0		 Score=1.000000
1	0	0	0	2	0	0	1	0	0	0		 Score=0.055556
1	0	0	0	3	1	5	5	6	4	2		 Score=0.031250
0	0	0	0	0	0	0	2	0	0	2		 Score=0.166667
2	0	0	0	2	0	0	0	0	0	0		 Score=0.125000
0	0	0	0	0	0	0	0	0	0	0		 Score=1.000000
0	0	0	1	1	0	0	2	3	8	1		 Score=0.055556
0	0	1	1	0	2	1	0	1	2	0		 Score=0.055556
0	0	0	0	0	1	0	0	1	3	17		 Score=0.083333
0	0	0	0	0	0	0	0	0	0	0		 Score=1.000000
2	0	0	0	2	0	0	0	0	0	0		 Score=0.125000
0	0	0	0	0	0	0	0	0	0	3		 Score=1.000000
2	0	2	0	3	0	0	0	0	0	0		 Score=0.111111
2	0	0	2	0	0	1	0	0	0	0		 Score=0.066667
0	0	1	0	0	0	0	2	0	3	1		 Score=0.041667
1	0	0	0	0	0	2	0	0	0	0		 Score=0.083333
0	0	0	0	0	0	0	0	2	0	3		 Score=0.250000
0	0	0	0	1	0	0	2	0	0	1		 Score=0.066667
0	0	0	1	0	3	3	1	1	1	0		 Score=0.083333
0	0	0	0	0	0	2	0	0	0	1		 Score=0.125000
0	0	0	0	0	0	0	0	0	0	0		 Score=0.500000
4	0	0	0	0	0	0	0	0	0	0		 Score=1.000000
3	0	0	0	0	0	0	0	0	0	0		 Score=1.000000
0	0	0	0	0	0	0	0	0	0	0		 Score=0.500000
1	0	0	0	0	0	0	0	0	5	0		 Score=0.055556
0	0	0	0	0	0	0	0	0	0	5		 Score=1.000000
1	0	0	0	0	0	2	0	0	0	0		 Score=0.083333
1	0	0	0	0	0	2	0	0	0	0		 Score=0.083333
0	0	0	0	0	0	2	0	0	0	1		 Score=0.125000
1	0	0	0	0	0	0	3	0	0	0		 Score=0.071429
0	0	0	0	0	0	0	0	0	0	3		 Score=1.000000
0	0	0	0	0	0	2	0	0	0	1		 Score=0.125000
1	0	0	0	0	0	2	0	0	0	0		 Score=0.083333
0	0	0	0	0	0	2	0	0	0	1		 Score=0.125000
1	0	0	0	0	0	2	0	0	0	0		 Score=0.083333
0	0	0	0	0	0	0	0	0	0	3		 Score=1.000000
1	0	0	0	2	0	0	1	0	0	0		 Score=0.055556
0	0	0	0	0	0	0	0	0	0	4		 Score=1.000000
0	0	0	0	0	0	0	0	1	0	11		 Score=0.250000
0	0	0	0	1	1	3	1	5	3	1		 Score=0.142857
0	0	0	0	0	0	2	0	0	0	1		 Score=0.125000
0	1	1	3	3	2	1	0	1	1	0		 Score=0.062500
0	0	0	1	0	0	0	0	3	0	1		 Score=0.055556
0	0	0	0	0	0	2	0	0	0	1		 Score=0.125000
1	0	0	0	0	0	2	0	0	0	0		 Score=0.083333
0	0	0	0	0	0	0	0	0	0	12		 Score=1.000000
0	0	0	0	0	0	0	0	2	0	3		 Score=0.250000
0	0	1	1	2	5	2	0	1	0	0		 Score=0.083333
0	0	0	0	0	0	2	0	0	0	1		 Score=0.125000
0	0	0	0	0	0	0	0	0	0	0		 Score=1.000000
2	0	0	1	0	2	0	1	0	0	0		 Score=0.050000
0	0	0	0	0	0	0	0	0	0	3		 Score=1.000000
0	0	0	0	0	0	0	0	0	0	3		 Score=1.000000
0	0	0	0	0	0	0	0	0	0	3		 Score=1.000000
0	0	0	0	0	0	2	0	0	0	1		 Score=0.125000
0	0	0	0	0	0	0	0	0	0	7		 Score=0.500000
1	0	0	0	0	0	2	0	0	0	0		 Score=0.083333
0	0	0	0	1	0	0	2	0	0	1		 Score=0.066667
0	0	1	0	0	0	1	3	1	2	1		 Score=0.041667
3	0	0	0	0	0	0	0	0	0	0		 Score=1.000000
0	0	0	0	0	0	0	0	0	0	3		 Score=1.000000
0	0	0	0	0	0	0	2	0	0	2		 Score=0.166667
1	0	0	0	0	0	2	0	0	0	0		 Score=0.083333
0	0	0	0	0	0	0	0	0	0	5		 Score=1.000000
0	0	0	0	0	0	0	0	0	0	3		 Score=1.000000
1	0	0	0	0	0	2	0	0	0	0		 Score=0.083333
0	0	0	0	0	0	0	0	0	0	0		 Score=1.000000
0	0	0	0	0	0	0	0	0	0	0		 Score=1.000000
1	0	0	0	0	0	2	0	0	0	0		 Score=0.083333
0	0	0	0	0	0	0	0	0	0	0		 Score=1.000000
1	0	0	0	0	0	2	0	0	0	0		 Score=0.083333
0	2	4	12	7	11	9	6	2	2	0		 Score=0.111111
2	0	4	2	0	0	0	0	0	0	0		 Score=0.166667
1	0	0	0	0	0	2	0	0	0	0		 Score=0.083333
0	0	0	0	0	0	2	0	0	0	1		 Score=0.125000
0	0	0	0	0	0	1	0	2	0	2		 Score=0.111111
1	0	0	0	0	0	0	3	0	0	0		 Score=0.071429
0	0	0	0	0	0	2	0	0	0	1		 Score=0.125000
0	0	0	0	0	0	0	0	0	0	3		 Score=1.000000
0	0	0	0	0	0	0	0	0	0	7		 Score=1.000000
0	0	0	0	0	0	0	0	0	2	6		 Score=0.500000
0	0	0	0	0	0	2	0	0	0	1		 Score=0.125000
0	2	0	1	6	2	2	1	0	0	0		 Score=0.083333
3	0	0	0	0	0	0	0	0	0	0		 Score=1.000000
0	0	0	0	0	2	0	0	2	4	0		 Score=0.111111
4	0	0	2	0	0	0	0	0	0	0		 Score=0.166667
2	0	3	2	2	2	2	0	0	0	0		 Score=0.083333
0	0	0	0	0	0	0	0	0	0	3		 Score=1.000000
0	0	0	0	0	0	0	0	0	0	3		 Score=1.000000
0	0	0	0	0	0	2	0	0	0	1		 Score=0.125000
1	0	0	0	0	0	2	0	0	0	0		 Score=0.083333
0	0	0	0	0	0	0	0	0	0	0		 Score=1.000000
1	0	0	0	0	0	0	0	5	7	5		 Score=0.031250
0	0	0	0	0	0	0	0	0	0	0		 Score=1.000000
1	0	0	0	0	2	2	0	2	1	0		 Score=0.033333
1	0	0	0	0	0	0	4	0	1	0		 Score=0.041667
4	0	0	0	0	0	0	0	0	0	0		 Score=1.000000
0	0	0	0	0	0	0	0	0	0	0		 Score=1.000000
0	0	0	0	0	0	0	0	0	0	3		 Score=1.000000
0	0	0	3	0	2	0	1	0	0	0		 Score=0.111111
0	0	0	0	0	0	0	0	0	0	0		 Score=1.000000
0	0	0	0	1	1	5	1	3	0	2		 Score=0.083333
2	0	1	3	1	2	2	0	0	0	0		 Score=0.083333
1	2	2	1	2	3	6	1	0	0	0		 Score=0.125000
1	0	0	2	5	5	5	2	1	1	3		 Score=0.037037
0	0	0	0	0	0	0	0	0	0	3		 Score=1.000000
0	1	2	2	8	1	7	5	2	1	0		 Score=0.111111
0	0	0	0	0	0	0	0	0	0	0		 Score=1.000000
0	0	0	0	0	0	2	0	0	0	1		 Score=0.125000
1	0	1	5	0	1	0	0	0	0	0		 Score=0.083333
1	2	2	2	3	2	1	0	0	0	0		 Score=0.142857
0	1	2	2	4	17	13	17	5	2	1		 Score=0.100000
0	0	0	0	0	0	1	0	0	8	10		 Score=0.111111
1	1	1	0	4	1	1	2	1	0	0		 Score=0.062500
0	0	0	4	0	2	0	0	0	0	0		 Score=0.250000
1	0	0	1	0	0	0	0	5	2	0		 Score=0.035714
0	0	0	0	0	2	3	0	2	1	4		 Score=0.100000
0	0	0	0	0	0	2	0	0	0	1		 Score=0.125000
0	0	0	0	0	0	0	4	0	2	0		 Score=0.250000
1	0	0	0	2	0	0	1	0	0	0		 Score=0.055556
1	0	0	0	0	0	1	2	2	5	3		 Score=0.027778
0	0	0	0	0	0	0	2	2	4	1		 Score=0.250000
0	0	0	0	1	0	0	2	0	0	1		 Score=0.066667
0	0	0	0	0	0	1	1	2	3	2		 Score=0.200000
0	0	0	0	0	0	0	0	0	0	3		 Score=1.000000
0	0	0	1	0	0	0	0	0	7	2		 Score=0.055556
1	0	0	0	0	0	2	0	0	0	0		 Score=0.083333
1	0	0	0	0	0	2	0	0	0	0		 Score=0.083333
0	0	0	0	0	1	7	7	5	5	8		 Score=0.166667
1	3	1	3	7	4	0	2	0	0	0		 Score=0.071429
1	2	3	5	5	8	8	8	3	0	0		 Score=0.111111
0	0	1	1	0	1	4	0	1	1	2		 Score=0.047619
0	0	0	1	0	0	4	4	1	10	6		 Score=0.055556
0	0	0	0	0	0	3	3	6	2	3		 Score=0.200000
0	0	0	0	0	0	2	0	0	0	1		 Score=0.125000
0	0	0	0	0	0	1	0	0	5	1		 Score=0.111111
0	0	0	0	1	0	2	3	2	0	1		 Score=0.066667
0	0	0	0	0	0	0	0	0	0	0		 Score=1.000000
1	0	0	0	0	1	0	0	3	3	0		 Score=0.035714
0	0	0	0	0	0	0	2	0	0	2		 Score=0.166667
0	0	0	0	0	0	0	0	0	0	3		 Score=1.000000
0	0	0	0	0	0	0	0	0	0	3		 Score=1.000000
1	2	0	2	2	1	3	1	0	0	0		 Score=0.071429
0	0	0	0	1	1	0	3	3	2	0		 Score=0.100000
0	0	0	0	0	0	0	0	0	0	0		 Score=1.000000
0	0	0	1	0	0	0	3	0	2	0		 Score=0.066667
1	0	0	0	0	0	4	2	0	0	0		 Score=0.055556
0	0	0	0	0	0	0	1	0	2	3		 Score=0.166667
0	0	0	0	0	0	0	2	0	0	2		 Score=0.166667
0	0	0	5	1	1	5	1	1	0	1		 Score=0.071429
1	0	0	0	0	2	4	2	4	0	0		 Score=0.040000
0	0	0	0	0	0	2	0	0	0	1		 Score=0.125000
0	0	0	0	0	0	0	2	0	0	2		 Score=0.166667
0	0	0	0	0	0	2	0	0	0	1		 Score=0.125000
0	0	0	0	0	0	0	0	0	0	3		 Score=1.000000
0	0	0	0	0	0	2	0	0	0	1		 Score=0.125000
0	0	0	0	1	0	0	2	0	0	1		 Score=0.066667
0	0	0	0	0	0	0	0	0	0	0		 Score=1.000000
0	0	0	0	0	0	0	0	0	0	0		 Score=1.000000
1	0	0	0	0	0	2	0	0	0	0		 Score=0.083333
4	0	0	0	0	0	0	0	0	0	0		 Score=1.000000
0	0	0	0	0	1	2	9	6	8	4		 Score=0.166667
1	1	3	6	2	1	3	0	2	0	0		 Score=0.062500
3	0	4	0	0	0	0	0	0	0	0		 Score=0.250000
4	0	0	2	0	0	0	0	0	0	0		 Score=0.166667
2	0	0	0	2	0	0	0	0	0	0		 Score=0.125000
1	0	0	0	0	0	2	0	0	0	0		 Score=0.083333
0	0	0	0	0	0	2	1	3	1	4		 Score=0.200000
1	0	1	1	0	2	1	0	1	1	0		 Score=0.035714
0	0	0	0	0	0	2	0	0	0	1		 Score=0.125000
0	0	0	1	0	0	0	1	0	4	0		 Score=0.066667
0	0	0	0	0	0	0	0	1	2	5		 Score=0.333333
0	0	0	0	0	0	2	1	0	2	2		 Score=0.125000
1	0	0	0	0	0	2	0	0	0	0		 Score=0.083333
1	0	3	4	1	0	0	0	0	0	0		 Score=0.125000
0	0	0	1	0	4	9	11	10	5	3		 Score=0.071429
0	0	0	1	0	0	2	0	1	0	1		 Score=0.050000
0	0	0	0	0	0	0	0	0	0	5		 Score=1.000000
0	0	5	2	3	1	0	0	0	0	0		 Score=0.250000
0	0	0	0	0	0	1	0	2	0	2		 Score=0.111111
0	0	0	0	0	0	0	3	0	0	4		 Score=0.166667
5	0	0	0	0	0	0	0	0	0	0		 Score=1.000000
0	0	0	0	0	0	2	0	0	0	1		 Score=0.125000
0	0	0	0	0	0	0	2	0	2	2		 Score=0.166667
0	0	0	0	0	0	2	0	0	0	1		 Score=0.125000
1	0	0	0	0	0	0	0	4	0	0		 Score=0.062500
0	0	0	0	0	0	2	0	0	0	1		 Score=0.125000
0	0	0	1	0	1	0	0	3	3	0		 Score=0.062500
0	0	1	0	1	0	5	0	0	0	0		 Score=0.111111
0	0	0	0	4	0	0	0	0	0	0		 Score=1.000000
0	0	0	2	0	0	1	0	2	0	0		 Score=0.083333
0	0	0	0	0	4	2	0	0	2	0		 Score=0.111111
0	0	0	0	0	0	0	0	0	0	10		 Score=1.000000
3	0	0	2	0	0	0	0	0	0	0		 Score=0.166667
0	0	0	0	0	0	2	0	0	0	1		 Score=0.125000
1	0	0	0	0	0	0	0	4	0	0		 Score=0.062500
0	0	1	0	0	0	0	3	0	3	0		 Score=0.055556
0	0	0	0	0	0	2	0	0	0	1		 Score=0.125000
0	0	0	0	0	0	0	0	0	0	6		 Score=1.000000
0	0	0	0	0	0	0	0	0	0	0		 Score=1.000000
0	0	0	0	0	0	2	0	0	0	1		 Score=0.125000
0	0	0	2	0	3	1	0	0	1	1		 Score=0.050000
0	0	0	0	1	0	0	2	0	0	1		 Score=0.066667
2	0	0	0	2	0	0	0	0	0	0		 Score=0.125000
0	0	0	0	0	0	2	0	0	0	1		 Score=0.125000
0	0	0	0	0	0	0	0	0	0	0		 Score=1.000000
0	0	0	0	0	0	1	0	1	4	3		 Score=0.125000
0	0	0	0	0	0	0	2	0	0	2		 Score=0.166667
0	0	0	0	0	0	2	0	0	0	1		 Score=0.125000
0	0	0	0	0	0	0	0	0	0	0		 Score=1.000000
0	0	0	0	0	0	0	0	0	0	3		 Score=1.000000
0	0	0	0	0	0	0	0	0	0	3		 Score=1.000000
0	0	0	0	0	0	2	0	0	0	1		 Score=0.125000
0	0	0	0	0	0	0	0	0	0	4		 Score=1.000000
0	0	0	0	0	0	0	0	0	0	4		 Score=1.000000
0	0	0	0	0	0	0	0	0	0	6		 Score=1.000000
0	0	0	0	1	0	0	2	0	0	1		 Score=0.066667
2	0	0	2	0	0	1	0	0	0	0		 Score=0.066667
3	0	0	0	0	0	0	0	0	0	0		 Score=1.000000
1	0	0	0	0	0	2	0	0	0	0		 Score=0.083333
0	0	0	0	0	0	0	0	0	0	4		 Score=1.000000
1	0	6	4	0	0	0	0	0	0	0		 Score=0.166667
5	0	2	0	0	0	0	0	0	0	0		 Score=0.250000
0	0	0	0	0	0	0	0	0	0	0		 Score=1.000000
0	0	0	0	0	0	0	0	0	0	0		 Score=1.000000
0	0	0	0	0	0	0	0	0	0	0		 Score=1.000000
4	0	0	0	0	0	0	0	0	0	0		 Score=1.000000
0	0	0	0	0	0	0	0	0	0	3		 Score=1.000000
2	0	0	0	2	0	0	0	0	0	0		 Score=0.125000
0	0	0	0	0	0	1	0	2	0	2		 Score=0.111111
0	0	0	0	0	0	0	0	0	0	3		 Score=1.000000
1	0	0	0	0	0	0	3	0	0	0		 Score=0.071429
2	0	0	2	0	0	1	0	0	0	0		 Score=0.066667
4	0	0	0	0	0	0	0	0	0	0		 Score=1.000000
0	0	0	0	0	0	0	0	0	0	0		 Score=1.000000
0	0	0	0	0	2	0	2	0	2	0		 Score=0.111111
0	0	0	0	0	0	2	0	0	0	1		 Score=0.125000
3	0	0	0	0	0	4	0	0	0	0		 Score=0.083333
0	0	0	0	0	0	0	2	0	0	2		 Score=0.166667
0	0	0	0	2	0	0	2	0	0	0		 Score=0.166667
0	0	0	0	0	1	0	0	0	3	2		 Score=0.083333
0	0	0	0	0	1	0	1	0	3	1		 Score=0.083333
0	0	0	0	0	0	0	0	0	0	0		 Score=0.500000
0	0	0	0	0	0	2	0	0	0	1		 Score=0.125000
0	0	0	0	0	0	0	0	0	0	0		 Score=0.500000
0	0	0	0	0	0	0	2	0	0	2		 Score=0.166667
0	0	0	0	0	0	0	0	0	0	3		 Score=1.000000
0	0	0	0	0	0	0	0	0	0	7		 Score=1.000000
1	0	0	0	0	0	2	0	0	0	0		 Score=0.083333
0	0	0	0	0	0	0	0	0	0	0		 Score=1.000000
0	0	0	0	0	0	0	0	0	0	0		 Score=1.000000
0	0	0	0	0	0	0	0	0	0	4		 Score=1.000000
0	0	0	0	0	0	0	2	0	0	2		 Score=0.166667
1	0	3	2	0	1	1	0	0	0	0		 Score=0.066667
0	0	0	0	0	0	0	2	0	0	2		 Score=0.166667
0	0	0	0	0	0	0	1	0	5	3		 Score=0.166667
0	0	0	0	0	0	0	0	0	0	7		 Score=1.000000
0	0	0	0	0	0	0	0	0	0	0		 Score=1.000000
0	0	1	0	1	3	5	1	4	3	0		 Score=0.071429
5	3	4	6	10	4	8	0	0	0	0		 Score=0.142857
0	7	10	18	18	13	5	1	0	0	0		 Score=0.142857
0	0	0	1	1	1	1	3	4	4	3		 Score=0.125000
4	0	0	2	0	2	0	0	0	0	0		 Score=0.083333
0	0	0	0	1	1	2	3	2	6	7		 Score=0.142857
0	0	0	0	0	0	0	3	0	2	1		 Score=0.166667
0	0	0	0	0	0	0	0	0	0	0		 Score=1.000000
1	0	0	0	0	0	2	0	0	0	0		 Score=0.083333
0	0	0	0	0	0	0	0	0	0	5		 Score=1.000000
1	0	0	0	0	0	2	0	0	0	0		 Score=0.083333
0	0	1	3	0	1	3	0	0	0	0		 Score=0.125000
0	0	0	0	0	0	0	0	0	0	3		 Score=1.000000
4	0	0	0	0	0	0	0	0	0	0		 Score=1.000000
1	0	1	0	1	0	0	4	2	0	0		 Score=0.040000
2	2	3	2	3	6	8	6	2	0	0		 Score=0.111111
0	0	0	0	0	0	1	0	0	6	2		 Score=0.111111
1	0	1	0	2	0	2	0	0	1	0		 Score=0.033333
2	0	0	2	0	0	1	0	0	0	0		 Score=0.066667
1	0	0	0	0	0	2	2	0	2	0		 Score=0.035714
0	0	0	0	1	0	1	0	2	3	2		 Score=0.066667
3	0	0	0	0	0	0	0	0	0	0		 Score=1.000000
0	0	0	0	0	0	1	0	2	0	2		 Score=0.111111
4	6	9	7	3	1	1	1	0	0	0		 Score=0.125000
0	0	0	0	0	0	0	0	0	0	3		 Score=1.000000
0	0	0	0	0	0	0	6	3	8	10		 Score=0.250000
0	0	0	0	0	0	2	0	0	0	1		 Score=0.125000
0	1	0	2	2	6	8	2	2	0	0		 Score=0.071429
4	0	0	0	0	1	5	3	0	0	0		 Score=0.050000
2	0	0	2	0	0	1	0	0	0	0		 Score=0.066667
4	0	0	2	0	0	0	0	0	0	0		 Score=0.166667
0	0	0	2	0	0	0	4	0	0	0		 Score=0.125000
1	0	1	0	4	3	4	1	1	2	0		 Score=0.041667
1	0	0	0	0	0	2	0	0	0	0		 Score=0.083333
0	0	0	0	0	0	0	0	0	0	3		 Score=1.000000
3	0	0	0	0	0	0	0	0	0	0		 Score=1.000000
2	0	0	0	0	0	3	0	0	0	0		 Score=0.083333
0	0	0	0	0	0	0	0	0	0	3		 Score=1.000000
0	0	0	0	1	0	4	2	0	0	0		 Score=0.166667
1	0	0	0	0	0	0	3	0	0	0		 Score=0.071429
0	0	0	0	0	0	2	0	0	0	1		 Score=0.125000
0	0	0	0	0	0	1	0	2	0	2		 Score=0.111111
0	0	0	1	0	0	1	2	1	4	0		 Score=0.066667
0	0	0	0	0	0	0	0	0	0	0		 Score=1.000000
0	0	0	0	0	0	0	0	0	0	0		 Score=1.000000
2	0	0	2	0	0	1	0	0	0	0		 Score=0.066667
4	0	4	0	0	0	0	0	0	0	0		 Score=0.250000
0	0	0	0	0	0	0	0	0	0	4		 Score=1.000000
0	0	0	0	0	0	0	0	0	0	3		 Score=1.000000
0	0	0	0	0	0	1	0	0	1	9		 Score=0.111111
0	0	0	0	0	0	0	0	4	0	1		 Score=0.250000
2	0	0	0	0	1	1	3	3	0	0		 Score=0.040000
2	0	0	0	2	0	0	0	0	0	0		 Score=0.125000
0	0	0	0	0	0	2	0	3	10	13		 Score=0.125000
1	0	0	0	0	0	2	0	0	0	0		 Score=0.083333
1	0	0	0	0	0	0	0	4	0	0		 Score=0.062500
1	0	1	2	1	0	2	1	0	1	0		 Score=0.035714
0	0	0	0	0	0	2	0	0	0	1		 Score=0.125000
0	0	0	0	0	0	2	0	0	0	1		 Score=0.125000
3	0	0	0	0	0	0	0	0	0	0		 Score=1.000000
0	0	0	0	0	0	1	0	3	1	3		 Score=0.125000
0	0	0	2	4	0	2	0	1	0	0		 Score=0.083333
0	1	0	1	0	0	1	2	1	5	2		 Score=0.035714
0	0	0	0	0	0	0	0	2	0	3		 Score=0.250000
0	0	0	0	0	0	0	0	0	0	0		 Score=1.000000
0	0	0	0	0	0	0	0	0	0	3		 Score=1.000000
3	0	0	0	0	0	0	0	0	0	0		 Score=1.000000
0	0	0	0	0	0	0	0	0	2	5		 Score=0.500000
1	0	0	0	0	0	2	0	0	0	0		 Score=0.083333
0	0	0	0	0	0	0	0	0	0	0		 Score=1.000000
0	0	0	0	0	0	0	0	0	0	3		 Score=1.000000
0	0	0	0	1	1	1	2	3	3	3		 Score=0.142857
0	0	0	0	0	0	0	0	0	2	4		 Score=0.500000
0	0	0	0	0	0	0	2	0	0	2		 Score=0.166667
1	0	0	0	0	3	0	2	0	0	0		 Score=0.055556
0	0	0	0	0	0	1	0	2	0	2		 Score=0.111111
0	0	0	0	0	0	1	0	2	0	2		 Score=0.111111
1	0	0	0	0	0	0	2	0	4	0		 Score=0.041667
0	0	0	0	0	0	1	4	2	6	3		 Score=0.200000
0	0	0	0	0	0	0	0	0	0	0		 Score=1.000000
2	0	0	0	2	0	0	0	0	0	0		 Score=0.125000
0	0	0	0	0	1	0	3	0	1	1		 Score=0.083333
0	0	0	0	0	0	1	0	2	0	2		 Score=0.111111
0	0	0	0	0	0	0	1	0	2	3		 Score=0.166667
1	0	0	0	0	1	0	2	0	2	0		 Score=0.035714
0	0	0	0	0	0	0	1	3	6	8		 Score=0.250000
3	0	0	0	0	0	0	0	0	0	0		 Score=1.000000
0	0	0	0	1	0	2	2	0	2	0		 Score=0.083333
2	0	0	0	2	0	0	0	0	0	0		 Score=0.125000
0	0	0	0	0	0	0	0	0	0	0		 Score=0.500000
0	0	0	0	0	0	0	0	0	0	3		 Score=1.000000
0	0	0	0	0	0	0	0	0	0	0		 Score=1.000000
0	0	0	0	0	0	1	0	1	4	4		 Score=0.125000
0	0	0	0	0	0	0	0	0	0	0		 Score=1.000000
0	0	0	0	0	0	0	0	0	0	0		 Score=1.000000
4	0	0	2	0	0	0	0	0	0	0		 Score=0.166667
0	0	0	0	0	0	0	0	0	0	0		 Score=1.000000
1	0	0	1	0	0	2	0	1	0	0		 Score=0.041667
0	0	0	0	0	0	0	0	0	0	3		 Score=1.000000
0	0	0	0	0	0	0	0	0	0	3		 Score=1.000000
1	0	0	0	0	0	2	0	0	0	0		 Score=0.083333
0	0	0	0	0	0	0	0	0	0	3		 Score=1.000000
0	0	0	0	0	1	2	0	3	2	0		 Score=0.125000
0	0	0	0	0	1	1	1	0	3	5		 Score=0.100000
0	0	0	0	0	0	0	0	0	1	17		 Score=0.500000
0	0	0	0	0	0	0	2	0	0	2		 Score=0.166667
0	0	0	0	0	0	2	0	0	0	1		 Score=0.125000
3	0	0	0	0	0	0	0	0	0	0		 Score=1.000000
3	0	0	0	0	0	0	0	0	0	0		 Score=1.000000
0	0	0	0	0	0	0	0	0	0	4		 Score=1.000000
0	0	0	0	1	0	0	2	0	0	1		 Score=0.066667
0	0	0	0	0	0	2	0	0	0	1		 Score=0.125000
4	0	0	0	0	0	0	0	0	0	0		 Score=1.000000
0	0	0	1	0	0	1	0	4	2	4		 Score=0.050000
0	0	0	0	0	0	2	0	0	0	1		 Score=0.125000
0	0	0	0	0	0	0	0	0	0	3		 Score=1.000000
0	0	0	0	0	0	0	0	0	0	3		 Score=1.000000
0	0	0	0	0	0	0	0	0	0	3		 Score=1.000000
0	0	0	1	0	0	3	0	2	2	0		 Score=0.062500
1	0	0	4	0	0	0	0	0	0	0		 Score=0.166667
0	0	0	0	0	2	1	2	5	4	4		 Score=0.166667
0	1	0	0	1	3	0	5	4	1	0		 Score=0.041667
0	0	0	0	3	0	0	0	0	0	1		 Score=0.083333
0	0	0	2	1	2	2	2	4	1	1		 Score=0.125000
0	0	0	0	1	0	0	2	0	0	1		 Score=0.066667
2	0	0	0	0	2	0	2	0	0	0		 Score=0.055556
0	0	0	0	0	0	1	0	1	4	3		 Score=0.125000
1	0	0	0	0	0	2	0	0	0	0		 Score=0.083333
0	0	0	0	0	0	0	0	0	0	0		 Score=1.000000
0	0	0	0	3	0	2	2	0	0	0		 Score=0.166667
3	0	0	2	0	1	0	0	0	0	0		 Score=0.083333
0	0	0	0	0	0	2	0	0	0	1		 Score=0.125000
9	0	2	0	0	0	0	0	0	0	0		 Score=0.250000
0	0	0	0	0	0	0	0	0	0	3		 Score=1.000000
0	0	1	1	1	0	4	1	0	1	0		 Score=0.055556
0	2	5	6	5	6	0	0	0	0	0		 Score=0.200000
3	0	0	2	0	1	0	0	0	0	0		 Score=0.083333
1	0	0	0	0	0	1	2	0	3	0		 Score=0.035714
0	0	0	0	0	4	0	2	0	0	0		 Score=0.250000
0	0	0	0	0	0	0	0	0	0	0		 Score=1.000000
1	0	0	0	0	0	0	3	0	0	0		 Score=0.071429
1	0	0	0	0	0	2	0	0	0	0		 Score=0.083333
0	0	1	1	0	1	0	5	6	1	1		 Score=0.047619
2	2	8	9	4	3	1	0	0	0	0		 Score=0.142857
0	0	0	1	2	0	3	2	1	6	1		 Score=0.071429
0	0	4	1	3	1	3	5	2	0	0		 Score=0.142857
0	0	0	0	0	0	0	2	0	10	14		 Score=0.166667
0	0	0	0	0	1	0	0	0	4	3		 Score=0.083333
0	0	0	0	0	0	0	0	0	0	0		 Score=0.500000
1	0	1	0	0	0	0	4	0	1	0		 Score=0.035714
0	0	0	0	0	0	0	0	0	0	4		 Score=1.000000
0	0	0	0	0	0	0	0	0	0	0		 Score=1.000000
0	0	0	0	0	0	0	0	0	0	0		 Score=1.000000
1	0	0	4	0	0	0	0	0	0	0		 Score=0.166667
0	0	0	0	0	0	1	0	1	3	3		 Score=0.125000
3	0	0	0	0	0	0	0	0	0	0		 Score=1.000000
0	0	0	0	0	1	1	1	5	5	8		 Score=0.166667
1	0	0	2	0	0	2	0	0	0	0		 Score=0.066667
1	0	0	0	1	0	2	5	2	1	0		 Score=0.033333
0	0	0	2	0	0	2	0	0	0	1		 Score=0.055556
0	0	0	1	0	0	1	3	3	2	0		 Score=0.066667
1	0	0	0	2	0	0	1	0	0	0		 Score=0.055556
1	0	3	1	1	0	3	0	0	0	0		 Score=0.066667
0	0	0	0	0	0	0	3	0	2	2		 Score=0.166667
1	0	0	0	0	0	0	0	0	5	0		 Score=0.055556
0	0	1	1	4	0	2	1	0	0	0		 Score=0.100000
0	0	0	0	0	0	0	2	0	0	2		 Score=0.166667
0	1	2	3	2	4	2	1	1	0	0		 Score=0.125000
1	0	0	0	0	0	2	0	0	0	0		 Score=0.083333
0	0	0	0	0	0	1	0	2	3	2		 Score=0.125000
0	0	0	0	0	0	0	0	0	0	0		 Score=1.000000
0	0	0	0	0	0	0	2	0	0	2		 Score=0.166667
1	0	0	0	0	1	2	0	1	3	0		 Score=0.033333
0	0	0	0	0	1	1	0	3	5	0		 Score=0.125000
1	0	0	0	0	0	2	0	0	0	0		 Score=0.083333
0	0	0	0	0	0	0	3	3	11	10		 Score=0.250000
0	0	0	0	0	0	0	1	0	2	3		 Score=0.166667
0	0	0	0	0	0	0	0	0	0	0		 Score=1.000000
0	0	0	0	0	1	0	0	4	1	6		 Score=0.083333
0	0	1	0	0	0	4	0	1	2	0		 Score=0.050000
0	0	0	0	0	0	2	0	0	0	1		 Score=0.125000
0	0	0	2	0	0	3	0	0	0	0		 Score=0.166667
0	0	0	0	0	0	0	0	0	0	3		 Score=1.000000
0	1	1	0	1	0	1	3	2	2	1		 Score=0.041667
3	0	0	0	0	0	0	0	0	0	0		 Score=1.000000
0	0	0	0	0	0	0	0	0	0	0		 Score=1.000000
3	0	0	0	0	0	0	0	0	0	0		 Score=1.000000
1	0	1	0	1	0	4	3	5	0	0		 Score=0.041667
0	0	0	0	0	0	2	0	0	0	1		 Score=0.125000
0	0	0	1	0	0	0	0	3	0	1		 Score=0.055556
0	0	0	0	0	0	2	0	0	0	1		 Score=0.125000
0	0	0	0	0	0	2	0	0	0	1		 Score=0.125000
2	0	2	0	2	0	0	1	0	0	0		 Score=0.050000
0	0	0	0	0	0	0	0	0	0	0		 Score=1.000000
0	0	0	0	2	0	2	2	3	0	0		 Score=0.125000
0	0	0	0	0	0	0	0	0	0	3		 Score=1.000000
0	0	0	0	0	0	0	0	0	0	0		 Score=1.000000
0	0	0	0	0	0	0	0	0	0	0		 Score=1.000000
2	0	0	0	2	0	0	0	0	0	0		 Score=0.125000
1	0	0	3	0	4	0	0	0	0	0		 Score=0.083333
0	0	0	0	0	0	2	4	2	3	0		 Score=0.250000
2	2	0	3	3	3	0	0	0	0	0		 Score=0.100000
0	0	0	3	1	0	2	2	1	2	1		 Score=0.071429
0	0	0	0	0	0	0	0	0	0	0		 Score=0.500000
0	0	0	0	0	0	0	0	0	0	0		 Score=1.000000
1	0	0	0	2	0	0	1	0	0	0		 Score=0.055556
0	0	0	0	0	0	0	0	2	0	3		 Score=0.250000
0	0	0	0	0	0	1	1	2	7	8		 Score=0.200000
0	0	0	1	0	3	1	0	1	0	2		 Score=0.050000
0	0	1	0	0	1	2	0	2	2	0		 Score=0.050000
0	0	0	0	0	0	0	0	0	0	3		 Score=1.000000
1	1	1	0	1	0	4	3	3	0	0		 Score=0.047619
3	0	2	3	2	1	0	0	0	0	0		 Score=0.100000
4	0	0	0	0	0	0	0	0	0	0		 Score=1.000000
0	0	0	0	1	0	0	2	0	0	1		 Score=0.066667
0	0	0	2	0	0	1	0	2	0	0		 Score=0.083333
0	0	0	0	0	0	2	0	0	0	1		 Score=0.125000
1	0	0	0	0	4	0	0	0	1	0		 Score=0.041667
2	0	0	2	0	0	1	0	0	0	0		 Score=0.066667
0	0	2	4	2	0	1	0	0	0	0		 Score=0.125000
2	0	0	0	2	0	0	0	0	0	0		 Score=0.125000
0	0	0	0	0	0	0	0	0	0	3		 Score=1.000000
0	0	0	1	0	0	0	0	3	0	1		 Score=0.055556
2	0	0	0	2	0	0	0	0	0	0		 Score=0.125000
0	0	0	1	0	0	3	0	1	0	0		 Score=0.083333
1	0	0	0	0	2	4	0	0	1	0		 Score=0.035714
0	0	0	0	0	0	0	0	0	0	0		 Score=1.000000
0	0	0	0	0	0	0	0	0	0	0		 Score=0.500000
2	0	0	0	2	0	0	0	0	0	0		 Score=0.125000
5	0	0	0	0	0	0	0	0	0	0		 Score=1.000000
0	0	0	0	0	0	0	4	0	2	1		 Score=0.166667
0	0	0	0	0	0	0	4	0	0	0		 Score=1.000000
2	1	2	5	11	3	2	0	1	0	0		 Score=0.062500
0	0	0	0	0	0	0	0	0	0	4		 Score=1.000000
0	0	0	0	0	0	0	0	0	6	0		 Score=0.500000
0	0	0	0	0	0	2	6	2	2	3		 Score=0.200000
0	0	0	0	0	0	0	0	0	0	4		 Score=1.000000
1	0	0	0	0	0	2	0	0	0	0		 Score=0.083333
4	0	0	2	0	0	0	0	0	0	0		 Score=0.166667
0	0	0	0	0	0	0	0	0	0	3		 Score=1.000000
3	0	0	0	0	0	0	0	0	0	0		 Score=1.000000
2	0	0	0	0	0	3	0	0	0	0		 Score=0.083333
0	0	0	0	1	0	0	2	0	0	1		 Score=0.066667
0	0	0	0	0	0	0	3	0	0	3		 Score=0.166667
0	0	0	0	0	0	2	0	2	0	1		 Score=0.111111
0	0	0	0	0	0	2	0	0	0	1		 Score=0.125000
0	0	0	0	0	0	0	0	1	0	13		 Score=0.250000
0	0	0	0	0	0	0	0	0	0	3		 Score=1.000000
0	0	0	0	1	2	0	0	0	8	5		 Score=0.062500
4	0	0	0	0	0	0	0	0	0	0		 Score=1.000000
1	0	0	0	0	0	2	0	0	0	0		 Score=0.083333
0	0	0	0	0	0	0	0	0	0	3		 Score=1.000000
0	0	0	0	0	0	0	0	0	0	0		 Score=1.000000
0	0	0	0	0	0	0	0	0	2	4		 Score=0.500000
0	0	0	1	0	0	0	0	0	4	1		 Score=0.055556
1	0	0	0	0	0	2	0	0	0	0		 Score=0.083333
0	0	0	0	0	0	0	0	0	0	0		 Score=1.000000
0	0	0	0	0	0	0	0	0	0	3		 Score=1.000000

FOr degree bin index 5
0	0	0	0	0	0	0	0	0	0	3		 Score=1.000000
3	0	0	0	0	0	0	0	0	0	0		 Score=1.000000
0	0	0	0	2	1	2	2	2	3	1		 Score=0.142857
0	0	0	0	0	0	2	0	0	0	1		 Score=0.125000
3	0	0	0	0	0	0	0	0	0	0		 Score=1.000000
0	0	0	1	0	0	1	0	3	0	0		 Score=0.083333
0	0	0	0	0	0	0	0	0	0	4		 Score=1.000000
0	0	0	0	0	0	2	0	0	0	1		 Score=0.125000
0	0	0	0	0	0	0	0	0	0	3		 Score=1.000000
1	0	0	0	0	0	2	0	0	0	0		 Score=0.083333
1	0	0	0	0	0	2	0	0	0	0		 Score=0.083333
0	0	0	0	0	0	0	0	0	0	0		 Score=1.000000
0	0	0	0	0	0	0	0	0	0	6		 Score=1.000000
1	0	1	1	6	3	4	5	0	0	0		 Score=0.071429
1	0	0	0	0	0	2	0	0	0	0		 Score=0.083333
3	0	0	0	0	0	0	0	0	0	0		 Score=1.000000
0	0	0	0	0	0	0	0	0	4	2		 Score=0.500000
0	0	0	0	0	0	0	0	0	0	3		 Score=1.000000
0	1	0	1	3	10	10	24	38	52	47		 Score=0.055556
0	39	22	17	14	7	4	0	0	0	0		 Score=0.166667
3	0	0	0	0	0	0	0	0	0	0		 Score=1.000000
1	0	0	0	0	0	0	3	0	0	0		 Score=0.071429
0	0	0	0	1	0	1	4	0	1	0		 Score=0.083333
0	0	0	0	0	0	2	1	0	17	26		 Score=0.125000
3	0	0	0	0	0	0	0	0	0	0		 Score=1.000000
0	0	0	0	0	0	0	0	0	0	0		 Score=1.000000
1	8	4	7	6	14	13	5	0	0	0		 Score=0.125000
1	0	0	0	0	0	2	0	0	0	0		 Score=0.083333
0	0	0	0	0	1	1	1	2	4	1		 Score=0.166667
1	0	0	0	0	2	0	2	0	1	0		 Score=0.035714
0	0	0	0	0	0	0	2	0	0	2		 Score=0.166667
0	0	0	0	0	0	2	0	0	0	1		 Score=0.125000
3	0	0	0	0	0	0	0	0	0	0		 Score=1.000000
0	0	0	0	1	0	0	2	0	0	1		 Score=0.066667
0	0	0	0	0	0	0	0	2	0	3		 Score=0.250000
1	0	0	0	1	0	2	5	1	0	0		 Score=0.040000
0	0	0	0	0	0	0	0	0	0	0		 Score=1.000000
0	0	0	0	0	0	2	0	0	0	1		 Score=0.125000
0	0	0	0	0	0	0	1	0	2	3		 Score=0.166667
0	0	0	0	3	0	0	0	0	0	1		 Score=0.083333
4	12	14	4	5	7	1	0	0	0	0		 Score=0.142857
0	0	0	0	0	0	2	3	0	0	2		 Score=0.111111
0	0	0	1	0	0	1	3	2	1	1		 Score=0.055556
1	0	1	0	0	0	2	0	3	1	0		 Score=0.033333
7	15	8	8	12	1	0	0	0	0	0		 Score=0.166667
1	0	1	1	0	1	4	0	0	0	0		 Score=0.066667
0	0	0	0	0	0	2	0	0	0	1		 Score=0.125000
3	0	0	0	0	0	0	0	0	0	0		 Score=1.000000
0	0	0	0	0	0	1	0	0	3	4		 Score=0.111111
0	0	0	0	0	0	0	0	0	0	0		 Score=1.000000
0	0	0	0	1	0	0	2	0	0	1		 Score=0.066667
4	0	0	0	3	0	0	0	0	0	0		 Score=0.125000
0	0	0	0	0	0	0	2	2	6	8		 Score=0.250000
3	0	0	0	0	0	0	0	0	0	0		 Score=1.000000
0	0	0	1	1	0	2	2	2	1	0		 Score=0.083333
0	0	0	0	0	0	2	0	0	0	1		 Score=0.125000
0	0	0	0	0	0	2	0	0	0	1		 Score=0.125000
1	0	0	0	0	0	2	0	0	0	0		 Score=0.083333
0	0	0	0	0	3	2	0	9	18	8		 Score=0.100000
0	0	0	0	0	0	2	0	3	2	1		 Score=0.125000
3	0	0	0	0	0	0	0	0	0	0		 Score=1.000000
1	0	0	0	0	0	0	2	0	3	0		 Score=0.041667
0	0	4	8	6	6	10	5	1	0	0		 Score=0.142857
0	0	0	0	0	0	0	1	0	2	4		 Score=0.166667
0	0	0	0	0	0	2	0	0	0	1		 Score=0.125000
0	0	0	0	0	0	3	0	2	0	0		 Score=0.250000
3	0	0	0	0	0	0	0	0	0	0		 Score=1.000000
1	0	0	0	0	0	2	0	0	0	0		 Score=0.083333
1	0	0	0	0	0	2	0	0	0	0		 Score=0.083333
1	0	0	0	0	0	0	3	0	0	0		 Score=0.071429
0	0	0	0	0	0	0	0	0	0	3		 Score=1.000000
0	0	0	0	0	0	0	0	2	0	3		 Score=0.250000
5	0	0	0	0	0	0	0	0	0	0		 Score=1.000000
0	0	0	1	0	0	2	0	1	0	1		 Score=0.050000
0	0	0	0	0	0	0	0	0	4	3		 Score=0.500000
0	0	0	0	0	0	0	0	0	0	0		 Score=1.000000
0	0	0	0	0	0	2	0	0	0	1		 Score=0.125000
3	0	0	0	0	0	0	0	0	0	0		 Score=1.000000
0	0	0	0	0	0	0	0	0	0	0		 Score=1.000000
5	0	2	0	0	0	0	0	0	0	0		 Score=0.250000
0	0	0	1	0	0	0	3	0	2	0		 Score=0.066667
0	0	0	0	1	0	0	2	0	0	1		 Score=0.066667
9	10	6	3	0	0	0	0	0	0	0		 Score=0.250000
0	0	0	0	0	1	5	2	1	0	2		 Score=0.100000
0	0	0	1	1	0	2	3	5	5	1		 Score=0.071429
0	0	0	0	0	0	0	0	0	0	0		 Score=1.000000
0	0	0	0	1	0	0	3	3	1	2		 Score=0.066667
1	0	0	0	0	0	2	0	0	0	0		 Score=0.083333
2	0	5	0	1	0	1	0	0	0	0		 Score=0.062500
0	12	8	8	2	2	0	0	0	0	0		 Score=0.200000
1	0	0	0	0	0	2	0	0	0	0		 Score=0.083333
0	0	0	0	0	0	2	0	0	0	1		 Score=0.125000
0	0	0	0	0	0	1	2	1	6	6		 Score=0.200000
2	0	0	2	0	2	2	0	0	0	0		 Score=0.062500
0	0	0	0	0	0	2	0	0	0	1		 Score=0.125000
0	0	0	0	0	0	0	0	0	0	5		 Score=1.000000
0	0	0	0	0	0	0	0	0	0	4		 Score=1.000000
5	0	0	0	0	0	0	0	0	0	0		 Score=1.000000
0	0	0	0	0	0	0	1	0	2	3		 Score=0.166667
0	0	0	0	0	0	0	0	0	0	0		 Score=1.000000
8	20	10	0	0	0	0	0	0	0	0		 Score=0.333333
0	0	0	0	0	0	2	0	0	0	1		 Score=0.125000
1	0	0	0	1	0	0	3	0	2	0		 Score=0.035714
0	0	0	0	0	0	0	0	0	0	8		 Score=1.000000
1	0	0	0	0	0	2	0	0	0	0		 Score=0.083333
1	0	0	0	0	0	2	0	0	0	0		 Score=0.083333
0	0	1	0	0	0	0	0	0	7	1		 Score=0.047619
0	0	2	3	2	3	2	0	0	0	0		 Score=0.200000
3	3	8	7	4	1	0	0	0	0	0		 Score=0.166667
3	0	0	0	0	0	0	0	0	0	0		 Score=1.000000
1	0	2	4	5	1	2	2	4	0	0		 Score=0.062500
0	0	0	1	0	0	3	2	6	4	5		 Score=0.055556
1	6	6	0	0	0	0	0	0	0	0		 Score=0.333333
0	0	0	0	1	0	0	2	0	0	1		 Score=0.066667
1	35	20	36	47	32	24	8	2	0	0		 Score=0.111111
0	0	0	0	0	0	0	0	0	0	3		 Score=1.000000
0	0	0	0	0	0	0	2	1	4	2		 Score=0.250000
0	0	0	0	0	0	1	2	3	3	6		 Score=0.200000
0	0	0	0	0	0	0	0	0	0	13		 Score=1.000000
0	0	0	0	0	0	2	2	4	3	4		 Score=0.200000
0	0	0	0	0	0	2	5	2	5	3		 Score=0.200000
1	0	0	1	0	2	0	1	0	1	0		 Score=0.033333
1	0	0	3	0	1	0	1	0	0	0		 Score=0.050000
0	0	0	0	0	4	3	0	1	3	1		 Score=0.100000
1	0	0	0	1	0	2	3	0	0	0		 Score=0.050000
0	0	0	0	0	0	0	2	3	10	6		 Score=0.250000
0	0	0	0	0	0	0	1	0	4	1		 Score=0.166667
1	0	0	0	0	0	2	0	0	0	0		 Score=0.083333
0	0	1	1	0	2	2	0	1	1	0		 Score=0.055556
0	0	0	1	0	2	0	2	0	0	1		 Score=0.050000
0	0	1	0	0	0	3	1	0	2	0		 Score=0.050000
1	0	0	0	0	0	2	0	0	0	0		 Score=0.083333
0	0	0	0	0	0	2	0	2	0	1		 Score=0.111111
0	0	0	0	0	1	0	5	3	2	5		 Score=0.100000
0	0	0	0	0	0	0	0	0	0	14		 Score=1.000000
1	0	0	0	0	0	2	0	0	0	0		 Score=0.083333
0	0	1	0	1	0	2	3	2	7	1		 Score=0.047619
1	0	0	0	0	0	2	0	0	0	0		 Score=0.083333
0	0	0	0	0	0	1	0	1	0	11		 Score=0.111111
0	0	0	1	0	0	1	2	1	4	0		 Score=0.066667
0	0	0	0	0	0	2	1	3	3	1		 Score=0.200000
0	0	0	0	0	0	1	0	2	0	2		 Score=0.111111
4	0	0	2	0	0	0	0	0	0	0		 Score=0.166667
0	0	0	0	0	0	0	0	0	0	0		 Score=1.000000
0	0	0	0	0	0	0	0	0	0	0		 Score=1.000000
0	0	0	0	0	0	0	0	0	0	3		 Score=1.000000
0	0	0	0	0	0	0	0	0	0	4		 Score=1.000000
0	0	0	0	0	0	0	0	0	0	4		 Score=1.000000
1	0	0	0	0	0	2	0	0	0	0		 Score=0.083333
0	0	0	0	0	0	2	0	2	0	1		 Score=0.111111
0	0	0	0	3	1	5	1	0	1	0		 Score=0.100000
1	0	0	0	0	0	2	0	0	0	0		 Score=0.083333
0	0	0	0	0	0	0	0	0	0	0		 Score=1.000000
0	0	0	0	1	0	2	3	0	0	1		 Score=0.062500
1	0	0	0	0	0	2	0	0	0	0		 Score=0.083333
0	0	0	0	0	0	2	0	2	0	1		 Score=0.111111
2	0	0	0	2	0	0	0	0	0	0		 Score=0.125000
0	0	0	0	0	0	0	0	0	0	0		 Score=1.000000
0	0	0	0	0	0	2	0	0	0	1		 Score=0.125000
0	0	0	0	0	0	0	0	0	2	6		 Score=0.500000
1	0	0	0	2	0	0	1	0	0	0		 Score=0.055556
3	0	0	0	0	0	0	0	0	0	0		 Score=1.000000
0	0	0	0	0	0	2	0	0	0	1		 Score=0.125000
0	0	0	0	0	0	0	0	0	0	0		 Score=0.500000
0	0	0	0	0	0	0	0	0	0	3		 Score=1.000000
0	0	0	0	0	0	2	0	0	0	1		 Score=0.125000
0	0	0	0	0	0	0	0	0	0	3		 Score=1.000000
0	0	0	0	0	0	0	0	0	0	3		 Score=1.000000
1	0	0	0	0	0	2	0	0	0	0		 Score=0.083333
0	0	0	0	0	0	0	2	0	0	2		 Score=0.166667
1	0	0	0	0	0	2	0	0	0	0		 Score=0.083333
0	0	0	0	0	0	1	0	2	0	2		 Score=0.111111
0	0	0	0	0	0	0	2	0	0	2		 Score=0.166667
1	0	0	0	0	0	0	3	0	0	0		 Score=0.071429
2	0	0	2	0	0	1	0	0	0	0		 Score=0.066667
0	0	0	0	0	0	0	0	1	2	13		 Score=0.333333
0	0	0	0	0	0	0	2	0	0	2		 Score=0.166667
3	0	0	0	0	0	0	0	0	0	0		 Score=1.000000
0	0	0	0	0	0	4	0	0	0	1		 Score=0.125000
0	0	0	0	1	2	1	4	7	6	5		 Score=0.142857
0	0	0	0	0	0	3	0	0	0	2		 Score=0.125000
0	0	0	0	0	0	0	0	0	0	3		 Score=1.000000
0	0	0	0	0	0	0	0	0	0	3		 Score=1.000000
0	0	0	0	0	0	2	0	0	0	1		 Score=0.125000
1	0	0	0	0	0	2	0	0	0	0		 Score=0.083333
0	0	0	0	0	1	0	3	0	1	1		 Score=0.083333
1	0	0	0	0	0	2	0	0	0	0		 Score=0.083333
0	0	0	0	0	0	0	0	0	0	5		 Score=1.000000
0	0	0	0	0	0	0	0	0	0	3		 Score=1.000000
0	0	0	0	0	0	0	0	0	0	0		 Score=1.000000
0	0	0	0	0	0	0	0	0	0	3		 Score=1.000000
0	0	0	0	0	0	0	2	0	0	2		 Score=0.166667
0	0	0	0	0	0	2	0	0	0	1		 Score=0.125000
0	0	0	1	0	0	0	0	3	0	1		 Score=0.055556
0	0	0	0	0	0	0	0	0	0	3		 Score=1.000000
1	0	0	0	0	0	2	0	0	0	0		 Score=0.083333
0	0	0	0	0	0	0	0	0	0	0		 Score=1.000000
0	0	0	0	0	0	0	0	0	0	4		 Score=1.000000
0	0	0	1	0	1	3	0	1	2	0		 Score=0.066667
3	1	1	2	3	2	1	1	0	0	0		 Score=0.125000
0	0	0	1	0	3	3	14	11	15	9		 Score=0.071429
0	0	0	0	0	0	0	0	0	0	4		 Score=1.000000
0	0	0	0	1	3	8	0	4	0	2		 Score=0.066667
0	0	0	0	0	0	1	0	4	0	0		 Score=0.250000
0	0	0	0	1	0	0	4	0	2	0		 Score=0.083333
0	0	0	1	1	0	1	2	1	2	4		 Score=0.071429
0	0	0	0	0	0	2	0	2	0	1		 Score=0.111111
0	0	0	0	1	0	1	1	0	3	1		 Score=0.066667
0	0	0	0	0	0	0	2	0	0	2		 Score=0.166667
0	0	0	0	1	0	0	2	0	0	1		 Score=0.066667
3	0	0	0	0	0	0	0	0	0	0		 Score=1.000000
1	0	0	0	0	0	2	0	2	0	0		 Score=0.047619
1	0	0	0	2	0	0	1	0	0	0		 Score=0.055556
0	0	0	0	0	0	0	0	0	0	7		 Score=1.000000
1	0	0	0	0	0	2	0	0	0	0		 Score=0.083333
0	0	0	0	0	0	0	2	0	0	2		 Score=0.166667
1	0	0	0	0	0	0	2	0	3	0		 Score=0.041667
1	0	0	2	2	4	2	3	1	1	0		 Score=0.041667
0	0	0	0	0	0	0	1	3	0	7		 Score=0.166667
0	0	0	0	0	0	0	0	2	0	3		 Score=0.250000
0	0	0	0	0	0	0	0	0	0	3		 Score=1.000000
0	0	0	0	0	0	2	0	0	0	1		 Score=0.125000
0	0	0	0	0	0	0	0	0	0	3		 Score=1.000000
1	0	0	0	0	0	2	0	0	0	0		 Score=0.083333
0	0	0	0	0	0	1	3	0	3	0		 Score=0.166667
1	0	0	0	0	0	2	0	2	0	0		 Score=0.047619
0	0	0	0	0	0	0	1	1	3	5		 Score=0.250000
4	2	1	1	3	1	0	0	0	0	0		 Score=0.166667
0	0	0	0	0	0	0	0	0	0	0		 Score=1.000000
1	0	0	0	0	0	2	0	0	0	0		 Score=0.083333
0	0	0	0	0	0	0	0	0	0	3		 Score=1.000000
0	0	0	0	0	0	0	0	0	0	0		 Score=1.000000
0	0	0	0	0	0	0	0	0	0	5		 Score=1.000000
7	0	0	0	0	0	0	0	0	0	0		 Score=1.000000
0	0	0	1	0	0	0	2	3	2	1		 Score=0.050000
0	0	0	2	1	0	2	3	1	0	0		 Score=0.100000
0	1	7	4	7	3	7	5	6	1	1		 Score=0.100000
0	0	0	0	0	0	2	0	0	0	1		 Score=0.125000
0	0	1	0	0	2	0	0	5	0	0		 Score=0.066667
0	0	0	1	0	1	0	3	0	1	0		 Score=0.062500
1	0	0	0	0	0	2	0	0	0	0		 Score=0.083333
4	0	0	0	0	0	0	0	0	0	0		 Score=1.000000
0	0	0	0	0	0	1	0	0	3	3		 Score=0.111111
1	0	2	1	1	2	3	0	0	0	0		 Score=0.083333
0	0	0	0	0	0	0	0	2	0	3		 Score=0.250000
1	0	0	1	0	0	2	0	1	0	0		 Score=0.041667
1	0	0	0	0	0	2	0	0	0	0		 Score=0.083333
0	0	0	0	0	0	0	0	0	0	0		 Score=1.000000
0	0	0	0	0	0	0	0	0	0	0		 Score=1.000000
0	0	0	0	0	0	0	1	0	2	4		 Score=0.166667
0	0	0	0	0	0	0	0	0	0	5		 Score=1.000000
0	0	0	0	0	0	0	0	0	0	5		 Score=1.000000
1	4	4	2	0	0	1	0	0	0	0		 Score=0.066667
0	0	1	4	0	2	0	0	1	0	0		 Score=0.062500
0	0	0	0	2	0	0	2	0	0	0		 Score=0.166667
0	0	0	0	0	0	0	0	1	2	31		 Score=0.333333
3	0	2	0	2	0	0	0	0	0	0		 Score=0.111111
0	0	0	0	0	1	2	4	13	22	39		 Score=0.166667
1	0	0	0	2	5	4	2	6	1	1		 Score=0.031250
0	0	0	0	0	0	0	0	0	0	3		 Score=1.000000
2	1	1	2	4	8	4	3	1	0	0		 Score=0.111111
0	0	0	0	0	0	1	2	0	3	1		 Score=0.125000
1	0	0	0	0	0	1	2	0	3	0		 Score=0.035714
0	0	0	0	0	0	2	0	0	0	1		 Score=0.125000
1	0	2	1	2	0	1	2	0	0	0		 Score=0.055556
0	0	0	0	1	0	0	2	2	3	1		 Score=0.066667
1	0	0	0	0	0	2	0	0	0	0		 Score=0.083333
0	0	0	0	0	0	0	0	0	0	5		 Score=1.000000
2	0	0	0	2	0	0	0	0	0	0		 Score=0.125000
0	0	0	0	0	0	1	2	0	1	3		 Score=0.125000
0	0	0	0	0	0	0	0	0	0	6		 Score=1.000000
0	0	0	1	0	0	0	0	3	4	1		 Score=0.050000
1	0	0	2	1	5	4	2	0	0	0		 Score=0.055556
0	0	0	0	0	0	2	0	0	0	1		 Score=0.125000
0	0	0	0	0	0	0	0	0	0	3		 Score=1.000000
0	0	1	0	1	1	3	1	8	6	4		 Score=0.062500
0	0	0	0	0	0	0	0	1	2	5		 Score=0.333333
0	0	0	0	0	0	0	0	0	0	0		 Score=1.000000
1	0	0	0	2	0	0	1	0	0	0		 Score=0.055556
0	0	0	0	0	0	0	0	2	0	3		 Score=0.250000
0	0	0	0	0	0	0	0	0	0	4		 Score=1.000000
0	0	0	0	0	0	1	0	2	0	2		 Score=0.111111
0	0	0	0	0	0	0	0	1	5	12		 Score=0.333333
0	0	0	0	2	1	0	1	6	6	2		 Score=0.083333
0	0	0	0	0	1	0	4	6	3	5		 Score=0.100000
0	0	0	0	0	0	0	0	0	2	5		 Score=0.500000
0	0	0	0	2	0	0	2	0	0	0		 Score=0.166667
0	0	0	0	0	0	2	0	0	0	1		 Score=0.125000
1	0	0	0	0	0	2	0	0	0	0		 Score=0.083333
1	0	0	0	0	0	2	0	0	0	0		 Score=0.083333
0	0	0	0	0	0	0	0	0	0	3		 Score=1.000000
1	0	0	0	2	0	0	1	0	0	0		 Score=0.055556
0	0	0	0	0	0	0	0	0	2	4		 Score=0.500000
0	0	0	1	0	0	0	0	3	0	1		 Score=0.055556
0	0	0	0	0	0	0	0	0	0	3		 Score=1.000000
0	0	0	0	0	0	2	0	0	0	1		 Score=0.125000
5	0	2	0	0	0	0	0	0	0	0		 Score=0.250000
0	0	0	0	0	0	2	0	0	0	1		 Score=0.125000
0	0	0	0	0	0	2	0	0	0	1		 Score=0.125000
0	0	0	0	0	0	2	0	0	0	1		 Score=0.125000
0	0	0	0	0	0	1	0	2	0	2		 Score=0.111111
0	0	0	0	0	0	0	0	0	0	0		 Score=1.000000
0	0	0	0	0	0	0	0	0	0	0		 Score=1.000000
0	0	0	0	0	0	0	0	0	0	3		 Score=1.000000
0	0	0	0	0	0	2	0	0	0	1		 Score=0.125000
0	0	0	0	0	0	0	0	0	0	3		 Score=1.000000
3	0	0	0	0	0	0	0	0	0	0		 Score=1.000000
0	0	0	0	0	0	0	0	0	0	3		 Score=1.000000
0	0	0	0	0	0	2	0	0	0	1		 Score=0.125000
0	0	0	0	0	0	0	0	1	7	5		 Score=0.333333
1	0	0	0	0	0	2	0	0	0	0		 Score=0.083333
1	0	0	0	0	0	2	0	0	0	0		 Score=0.083333
1	0	0	0	2	0	0	1	0	0	0		 Score=0.055556
0	0	0	0	1	0	0	2	0	0	1		 Score=0.066667
0	0	0	0	2	0	4	6	2	0	3		 Score=0.066667
1	0	0	0	0	1	0	0	3	3	0		 Score=0.035714
1	0	0	1	2	5	5	7	3	1	1		 Score=0.037037
1	0	0	0	0	0	2	0	0	0	0		 Score=0.083333
0	0	0	0	0	0	0	2	0	0	2		 Score=0.166667
0	0	0	0	0	0	0	1	0	2	3		 Score=0.166667
0	0	0	0	2	0	0	2	0	0	0		 Score=0.166667
0	0	0	0	5	0	2	0	0	0	0		 Score=0.250000
1	0	0	0	0	0	0	3	0	0	0		 Score=0.071429
0	0	0	0	0	0	0	0	0	0	3		 Score=1.000000
0	0	0	0	0	0	2	0	0	0	1		 Score=0.125000
1	0	0	0	0	0	0	0	4	0	0		 Score=0.062500
6	39	21	2	0	0	0	0	0	0	0		 Score=0.250000
0	0	0	0	0	2	2	1	8	2	0		 Score=0.200000
2	0	0	0	3	1	6	1	0	0	0		 Score=0.050000
0	0	0	0	0	0	1	1	2	3	7		 Score=0.200000
0	0	0	0	0	0	1	0	2	0	2		 Score=0.111111
0	0	0	1	0	0	1	0	3	0	0		 Score=0.083333
0	0	0	0	0	0	0	0	0	0	4		 Score=1.000000
0	0	0	0	0	0	0	2	0	2	2		 Score=0.166667
0	0	0	0	0	0	0	0	0	0	0		 Score=1.000000
0	0	0	0	0	0	0	2	0	0	2		 Score=0.166667
0	0	0	0	0	0	0	0	0	0	4		 Score=1.000000
0	0	0	3	0	1	0	1	0	1	0		 Score=0.062500
3	9	8	4	6	6	0	0	0	0	0		 Score=0.166667
0	0	0	1	0	0	0	2	0	2	1		 Score=0.050000
0	0	0	1	0	4	0	0	0	0	1		 Score=0.055556
0	0	0	0	3	0	0	0	0	0	1		 Score=0.083333
0	0	0	0	0	0	2	0	0	0	1		 Score=0.125000
0	0	0	0	0	0	0	1	1	15	61		 Score=0.250000
0	0	0	0	0	0	1	0	1	0	11		 Score=0.111111
0	0	0	0	0	0	1	4	5	0	0		 Score=0.333333
0	0	0	0	0	0	0	0	0	0	0		 Score=1.000000
3	0	0	2	0	0	0	0	0	0	0		 Score=0.166667
0	0	0	0	0	0	0	0	0	0	3		 Score=1.000000
0	0	0	0	0	0	0	1	0	4	1		 Score=0.166667
1	0	0	0	0	0	2	0	0	0	0		 Score=0.083333
1	1	0	1	1	0	0	6	3	1	0		 Score=0.035714
0	0	0	0	0	0	0	0	0	2	4		 Score=0.500000
1	0	0	0	1	0	1	5	3	2	1		 Score=0.028571
0	0	0	0	0	0	0	0	1	5	33		 Score=0.333333
3	0	0	0	0	0	0	0	0	0	0		 Score=1.000000
1	0	0	0	0	0	2	0	0	0	0		 Score=0.083333
0	0	0	0	0	0	0	1	2	3	3		 Score=0.250000
0	0	0	0	3	0	1	3	2	0	0		 Score=0.125000
0	0	2	4	5	6	3	6	3	0	1		 Score=0.062500
0	0	0	1	0	0	0	0	3	0	1		 Score=0.055556
0	0	0	0	0	0	0	2	0	0	2		 Score=0.166667
0	0	0	0	0	0	0	0	0	0	0		 Score=1.000000
0	0	0	0	0	0	0	0	0	0	4		 Score=1.000000
0	0	0	0	0	0	0	1	0	4	2		 Score=0.166667

FOr degree bin index 6
3	0	0	0	0	0	0	0	0	0	0		 Score=1.000000
0	0	0	0	0	0	2	0	0	0	1		 Score=0.125000
1	0	0	0	0	0	2	0	0	0	0		 Score=0.083333
1	0	0	0	0	0	0	0	4	0	0		 Score=0.062500
1	0	0	0	2	0	0	1	0	0	0		 Score=0.055556
3	0	0	0	0	0	0	0	0	0	0		 Score=1.000000
0	0	0	0	0	0	0	0	0	0	3		 Score=1.000000
1	0	0	0	0	0	0	3	0	0	0		 Score=0.071429
0	0	0	0	0	0	2	0	0	0	1		 Score=0.125000
0	0	0	0	0	0	0	0	0	0	0		 Score=1.000000
1	0	0	0	0	0	2	0	0	0	0		 Score=0.083333
1	0	0	0	0	0	2	0	0	0	0		 Score=0.083333
1	0	0	1	0	0	2	0	1	0	0		 Score=0.041667
0	0	0	0	0	0	0	0	0	0	0		 Score=1.000000
1	0	0	0	0	0	2	0	0	0	0		 Score=0.083333
1	0	0	0	0	0	2	0	0	0	0		 Score=0.083333
0	0	0	0	0	0	0	0	2	0	3		 Score=0.250000
0	0	0	0	0	0	0	0	0	0	0		 Score=1.000000
0	0	0	0	0	0	0	0	0	0	0		 Score=1.000000
0	0	0	0	0	0	0	0	0	0	0		 Score=1.000000
0	0	0	0	0	0	2	0	0	0	1		 Score=0.125000
0	0	0	0	0	0	0	1	0	1	10		 Score=0.166667
0	0	0	0	0	0	0	1	0	2	3		 Score=0.166667
16	287	31	2	0	0	0	0	0	0	0		 Score=0.250000
0	9	22	11	4	13	5	1	0	0	0		 Score=0.142857
1	0	0	0	0	0	2	0	0	0	0		 Score=0.083333
0	0	0	0	1	0	0	3	12	32	91		 Score=0.066667
0	0	0	0	0	0	2	0	0	0	1		 Score=0.125000
1	0	0	0	0	0	2	0	0	0	0		 Score=0.083333
5	0	0	0	0	0	0	0	0	0	0		 Score=1.000000
0	0	0	0	0	0	0	0	0	0	0		 Score=1.000000
1	0	0	0	0	0	2	0	0	0	0		 Score=0.083333
0	0	0	0	0	0	1	0	1	4	3		 Score=0.125000
0	0	0	0	2	0	0	2	0	0	0		 Score=0.166667
0	0	0	0	0	0	0	0	0	0	4		 Score=1.000000
0	0	0	0	0	0	0	3	6	3	12		 Score=0.250000
1	0	0	0	0	0	0	0	2	5	0		 Score=0.041667
1	2	10	2	7	5	8	4	0	0	0		 Score=0.125000
1	0	0	0	0	0	0	3	0	0	0		 Score=0.071429
0	0	0	0	0	0	1	2	7	12	26		 Score=0.200000
0	0	0	0	0	0	0	0	0	0	4		 Score=0.500000
1	0	0	0	0	0	2	0	0	0	0		 Score=0.083333
1	0	0	2	0	0	2	0	0	0	0		 Score=0.066667
0	0	0	0	0	0	0	0	0	0	0		 Score=1.000000
0	0	0	0	0	0	0	0	0	0	12		 Score=0.500000
0	0	0	0	0	0	0	1	1	14	24		 Score=0.250000
0	0	0	4	3	3	6	10	4	3	0		 Score=0.142857
0	0	0	0	0	0	0	2	0	0	2		 Score=0.166667
0	0	0	0	0	1	0	4	2	1	2		 Score=0.100000
0	0	0	1	1	1	0	2	3	3	3		 Score=0.071429
0	0	0	0	0	0	1	0	0	3	4		 Score=0.111111
0	0	0	0	0	0	0	0	0	0	0		 Score=1.000000
0	0	0	0	0	0	0	0	2	0	3		 Score=0.250000
0	0	0	11	1	1	2	0	0	0	0		 Score=0.250000
0	0	0	0	3	0	2	0	0	0	2		 Score=0.066667
0	0	0	1	0	0	0	0	0	6	2		 Score=0.055556
5	0	2	0	0	0	0	0	0	0	0		 Score=0.250000
0	0	0	0	0	0	0	0	0	0	0		 Score=0.500000
0	0	0	0	0	0	0	0	0	0	3		 Score=1.000000
1	0	0	0	0	0	2	0	0	0	0		 Score=0.083333
1	0	0	0	0	0	3	2	0	1	0		 Score=0.035714
1	0	0	0	0	0	2	0	0	0	0		 Score=0.083333
1	0	0	0	0	0	0	3	0	0	0		 Score=0.071429
1	0	0	0	0	0	0	1	4	3	0		 Score=0.035714
1	0	0	3	0	0	0	0	1	0	0		 Score=0.047619
0	3	1	0	7	1	1	0	0	1	0		 Score=0.041667
0	0	0	0	0	0	0	0	0	0	0		 Score=1.000000
1	0	1	0	4	0	2	4	3	2	0		 Score=0.035714
1	5	4	14	16	5	0	0	0	0	0		 Score=0.166667
1	1	2	3	2	1	3	2	0	0	0		 Score=0.125000
0	1	1	0	3	0	1	4	4	0	0		 Score=0.055556
3	0	4	3	0	0	0	0	0	0	0		 Score=0.166667
0	0	0	0	0	0	0	2	2	9	5		 Score=0.250000
0	0	0	0	0	0	0	0	0	0	0		 Score=0.500000
0	0	0	0	0	0	1	0	0	3	3		 Score=0.111111
2	0	0	0	0	1	4	2	2	2	0		 Score=0.033333
0	1	1	0	0	4	3	0	2	0	1		 Score=0.033333
0	0	0	0	0	0	2	0	8	6	4		 Score=0.125000
0	0	0	0	0	0	0	0	0	0	4		 Score=1.000000
0	0	0	1	0	1	1	3	8	12	5		 Score=0.071429
1	0	0	0	0	2	1	4	3	4	1		 Score=0.028571
0	0	0	0	0	0	0	0	0	0	3		 Score=1.000000
0	0	0	2	2	0	2	1	2	2	0		 Score=0.083333
0	0	0	0	0	0	0	0	1	5	26		 Score=0.333333
2	0	0	0	2	0	0	0	0	0	0		 Score=0.125000
0	0	0	0	0	0	0	0	0	2	5		 Score=0.500000
0	0	0	0	0	0	0	0	0	0	0		 Score=1.000000
0	0	0	0	0	0	0	0	0	0	0		 Score=1.000000
0	0	0	0	0	0	0	0	0	0	3		 Score=1.000000
0	0	0	0	0	0	0	0	0	0	5		 Score=1.000000
0	0	0	0	0	0	0	3	0	0	3		 Score=0.166667
0	0	0	0	0	0	0	0	0	0	3		 Score=1.000000
1	0	0	0	0	0	2	0	0	0	0		 Score=0.083333
0	0	0	0	0	0	0	0	0	0	0		 Score=1.000000
0	0	0	1	0	1	1	0	1	4	0		 Score=0.066667
0	0	0	0	0	0	0	0	0	0	3		 Score=1.000000
0	0	0	0	0	0	0	0	0	0	3		 Score=1.000000
0	0	0	0	0	0	0	0	0	0	9		 Score=1.000000
1	0	0	0	0	0	2	0	0	0	0		 Score=0.083333
0	0	0	0	0	0	0	0	0	0	3		 Score=1.000000
0	0	0	0	0	0	0	0	0	0	13		 Score=0.500000
3	0	0	0	0	3	0	0	0	0	0		 Score=0.100000
0	0	0	0	0	0	0	0	0	0	0		 Score=1.000000
0	0	0	0	0	0	0	0	2	0	3		 Score=0.250000
0	0	0	0	0	0	0	1	0	1	14		 Score=0.166667
0	0	0	0	0	0	0	0	0	0	4		 Score=1.000000
1	0	0	0	0	0	0	2	0	3	0		 Score=0.041667
0	0	0	0	0	0	0	0	0	0	3		 Score=1.000000
0	0	0	0	1	0	1	3	0	1	1		 Score=0.066667
0	0	0	0	0	0	0	0	2	0	3		 Score=0.250000
0	0	0	0	0	0	0	0	0	0	3		 Score=1.000000
0	0	0	0	0	0	0	0	0	0	6		 Score=1.000000
0	0	0	0	0	0	1	0	0	2	11		 Score=0.111111
0	0	0	0	0	0	0	0	1	4	5		 Score=0.333333
0	0	0	0	0	0	0	0	0	0	4		 Score=1.000000
0	0	0	0	0	0	0	1	0	6	77		 Score=0.166667
0	0	0	0	0	0	2	0	0	0	1		 Score=0.125000
1	0	0	0	0	0	2	0	0	0	0		 Score=0.083333
0	0	0	0	0	0	1	2	0	6	0		 Score=0.166667
0	0	0	0	0	0	0	0	0	0	13		 Score=1.000000
1	0	0	0	0	0	0	3	0	0	0		 Score=0.071429
0	0	0	0	0	0	0	0	0	0	8		 Score=0.500000
0	0	0	0	0	0	0	0	0	0	0		 Score=1.000000
0	0	0	0	0	0	0	2	0	0	2		 Score=0.166667
0	0	0	0	0	0	0	0	0	0	3		 Score=1.000000
0	0	0	0	0	0	0	0	0	0	0		 Score=1.000000
0	0	0	0	0	0	2	0	0	0	1		 Score=0.125000
0	0	0	0	0	0	0	0	0	0	0		 Score=0.500000
0	0	0	0	0	0	0	2	0	0	2		 Score=0.166667
0	0	0	0	0	1	0	3	3	7	3		 Score=0.100000
0	0	0	0	0	0	0	0	0	0	0		 Score=1.000000
0	0	0	0	0	0	0	0	0	0	0		 Score=1.000000
0	0	0	0	1	0	0	2	0	0	1		 Score=0.066667
0	0	0	0	0	0	0	1	0	2	3		 Score=0.166667
0	0	0	0	0	0	0	0	2	0	3		 Score=0.250000
0	0	1	2	3	1	1	2	1	1	0		 Score=0.125000
1	0	0	0	0	0	0	3	0	0	0		 Score=0.071429
0	0	0	0	0	0	0	0	0	0	3		 Score=1.000000
0	0	0	0	0	0	1	0	2	0	2		 Score=0.111111
0	0	0	0	0	0	0	0	0	0	0		 Score=1.000000
1	0	0	0	0	0	2	0	0	0	0		 Score=0.083333
0	0	0	0	0	0	0	0	0	0	3		 Score=1.000000
0	0	0	0	0	0	0	0	0	0	3		 Score=1.000000
0	0	0	0	0	0	0	0	0	0	4		 Score=1.000000
0	0	0	0	0	0	0	1	2	6	7		 Score=0.250000
0	0	0	1	0	2	3	0	1	0	1		 Score=0.050000
1	0	0	0	0	0	2	0	2	0	0		 Score=0.047619
0	0	0	0	0	0	0	2	6	8	15		 Score=0.250000
1	0	0	0	0	1	0	2	0	2	0		 Score=0.035714
0	0	2	4	1	1	6	2	6	6	0		 Score=0.125000
0	0	0	0	0	0	0	0	0	0	5		 Score=1.000000
0	0	0	0	0	0	0	0	0	2	5		 Score=0.500000
1	0	0	0	2	0	0	1	0	0	0		 Score=0.055556
1	0	0	1	0	0	2	0	1	0	0		 Score=0.041667
0	0	0	0	0	0	3	4	3	1	2		 Score=0.200000
0	0	0	0	0	0	0	0	0	0	0		 Score=0.500000
0	0	0	0	0	0	0	0	0	0	0		 Score=1.000000
3	0	0	2	0	0	0	0	0	0	0		 Score=0.166667
1	0	0	0	0	0	2	0	0	0	0		 Score=0.083333
0	0	0	0	0	0	0	0	0	0	0		 Score=1.000000
0	0	0	1	0	0	3	0	1	0	0		 Score=0.083333
0	0	0	0	0	0	0	2	0	2	3		 Score=0.166667
1	0	0	0	0	0	2	0	0	0	0		 Score=0.083333
0	0	0	0	0	0	0	0	0	0	5		 Score=1.000000
0	0	0	0	0	0	0	0	0	0	4		 Score=0.500000
0	0	0	0	0	0	2	0	0	0	1		 Score=0.125000
0	0	0	0	0	0	0	0	0	0	0		 Score=1.000000
0	0	0	0	0	0	0	0	1	5	10		 Score=0.333333
1	0	0	0	0	0	0	3	0	0	0		 Score=0.071429
0	0	0	0	0	0	0	0	0	0	0		 Score=1.000000
0	0	0	0	0	0	0	0	0	0	0		 Score=1.000000
1	0	0	0	0	0	2	0	0	0	0		 Score=0.083333
1	0	0	3	0	0	3	0	0	1	0		 Score=0.035714
0	0	0	0	0	0	0	0	0	0	4		 Score=1.000000
0	0	0	1	0	0	3	0	1	0	0		 Score=0.083333
0	0	0	0	0	0	0	0	0	4	10		 Score=0.500000
0	0	0	0	0	0	0	0	0	2	7		 Score=0.500000
0	0	0	0	0	0	0	4	0	0	0		 Score=1.000000
0	0	0	0	0	0	0	0	0	0	0		 Score=1.000000
0	2	2	0	1	0	6	1	1	0	0		 Score=0.055556
2	0	0	0	2	0	0	0	0	0	0		 Score=0.125000
0	0	0	0	1	0	0	2	0	0	1		 Score=0.066667
2	0	0	0	0	1	2	5	4	5	0		 Score=0.033333
1	0	0	0	0	0	2	0	0	0	0		 Score=0.083333
2	0	4	0	1	0	0	0	0	0	0		 Score=0.111111
1	0	0	0	2	0	0	1	0	0	0		 Score=0.055556
0	0	0	0	0	0	0	2	1	4	2		 Score=0.250000
0	0	0	0	0	1	0	5	7	7	13		 Score=0.100000
0	0	0	0	0	0	0	2	0	0	2		 Score=0.166667
1	0	0	0	0	0	0	3	0	0	0		 Score=0.071429
1	0	1	1	1	0	5	0	0	0	0		 Score=0.066667
0	0	0	0	0	0	0	0	0	0	0		 Score=1.000000
0	0	0	0	0	0	0	1	2	1	5		 Score=0.250000
0	0	0	0	0	0	0	0	0	0	0		 Score=1.000000
0	0	0	0	0	0	0	0	0	0	0		 Score=1.000000

FOr degree bin index 7
1	0	0	0	0	0	0	3	0	0	0		 Score=0.071429
0	0	0	0	0	0	0	0	0	0	0		 Score=1.000000
0	0	0	0	0	0	2	0	0	0	1		 Score=0.125000
0	0	0	0	0	0	0	0	0	0	0		 Score=1.000000
0	0	0	0	0	0	0	2	0	0	2		 Score=0.166667
0	0	0	0	0	0	0	0	0	0	0		 Score=1.000000
0	0	0	0	0	0	0	0	0	0	0		 Score=1.000000
0	0	0	0	0	0	0	2	0	0	2		 Score=0.166667
0	0	0	0	0	0	0	0	0	0	0		 Score=1.000000
0	0	0	0	0	0	0	0	0	0	0		 Score=1.000000
1	0	0	0	0	0	2	0	0	0	0		 Score=0.083333
0	0	0	0	0	0	0	0	0	0	0		 Score=1.000000
0	0	0	0	0	0	0	0	0	0	0		 Score=0.500000
0	0	0	0	0	0	0	0	0	0	0		 Score=1.000000
0	0	0	0	0	0	0	0	0	0	0		 Score=1.000000
0	0	0	0	0	0	2	0	0	0	1		 Score=0.125000
0	0	2	0	0	0	0	1	3	11	4		 Score=0.040000
1	0	0	0	0	0	0	3	0	0	0		 Score=0.071429
0	0	0	0	0	0	1	0	0	3	3		 Score=0.111111
0	0	0	0	0	0	0	0	2	0	3		 Score=0.250000
0	0	0	0	0	0	0	0	0	0	0		 Score=1.000000
0	0	0	0	0	0	2	0	0	0	1		 Score=0.125000
0	0	0	0	0	0	0	3	7	10	14		 Score=0.250000
0	0	0	2	0	0	3	0	0	0	0		 Score=0.166667
0	0	0	0	0	0	0	0	0	0	0		 Score=0.500000
2	8	5	1	4	5	14	2	0	0	0		 Score=0.125000
0	3	4	1	2	2	4	8	0	0	0		 Score=0.142857
0	0	0	0	0	0	0	0	0	0	0		 Score=0.500000
0	1	3	1	2	5	3	2	1	0	0		 Score=0.125000
0	0	0	0	0	0	2	0	0	0	1		 Score=0.125000
0	0	0	0	0	1	0	2	0	3	0		 Score=0.111111
0	0	0	0	0	0	2	0	0	0	1		 Score=0.125000
0	0	0	0	1	0	0	0	0	4	7		 Score=0.066667
0	0	0	0	0	0	0	0	0	0	0		 Score=1.000000
0	0	0	0	0	0	0	0	0	0	0		 Score=0.500000
0	0	0	0	0	0	0	0	0	0	0		 Score=0.500000
1	0	0	0	0	2	0	2	0	1	0		 Score=0.035714
0	0	0	0	0	0	0	0	3	10	25		 Score=0.333333
1	0	0	0	0	0	2	0	0	0	0		 Score=0.083333
0	0	0	0	0	0	0	0	0	0	0		 Score=0.500000
0	0	0	0	0	0	0	0	0	0	0		 Score=1.000000
1	0	0	0	0	0	2	0	0	0	0		 Score=0.083333
1	0	0	2	3	1	2	9	4	4	1		 Score=0.037037
1	0	2	1	0	4	0	0	0	0	0		 Score=0.083333
0	0	0	0	0	0	1	1	2	3	5		 Score=0.200000
0	0	0	0	0	0	0	0	0	0	0		 Score=1.000000
0	0	0	0	0	0	0	0	2	0	3		 Score=0.250000
0	0	0	0	0	0	0	0	0	0	0		 Score=1.000000
0	0	0	0	0	0	0	0	0	0	0		 Score=1.000000
4	0	4	2	0	0	0	0	0	0	0		 Score=0.166667
1	6	1	3	0	1	0	0	0	0	0		 Score=0.100000
0	0	0	0	0	0	0	0	0	0	0		 Score=1.000000
3	0	0	0	0	3	0	0	0	0	0		 Score=0.100000
2	3	0	0	0	1	1	5	10	0	0		 Score=0.041667
4	0	3	2	1	0	0	0	0	0	0		 Score=0.125000
1	0	0	0	0	0	2	0	0	0	0		 Score=0.083333
0	0	0	0	1	0	2	6	12	20	35		 Score=0.083333
1	0	1	1	1	1	6	0	1	1	0		 Score=0.041667
5	0	2	0	0	0	0	0	0	0	0		 Score=0.250000
0	0	0	0	0	0	0	0	0	0	0		 Score=1.000000
3	0	4	0	0	0	0	0	0	0	0		 Score=0.250000
0	0	0	0	0	0	0	0	0	0	0		 Score=1.000000
0	0	0	0	0	0	0	0	0	0	0		 Score=1.000000
0	0	0	0	0	0	0	0	0	0	0		 Score=1.000000
1	0	3	1	1	2	2	1	0	0	0		 Score=0.071429
0	0	0	0	0	0	0	0	0	0	0		 Score=1.000000
0	0	0	0	0	0	0	1	0	2	4		 Score=0.166667
0	0	0	0	0	0	1	1	0	3	2		 Score=0.125000
0	0	0	0	0	0	2	0	0	0	1		 Score=0.125000
4	0	1	3	1	1	0	0	0	0	0		 Score=0.100000
0	0	0	0	0	0	0	0	0	0	0		 Score=1.000000
0	0	0	0	0	0	0	0	0	0	0		 Score=1.000000
0	0	2	1	0	1	3	0	1	0	0		 Score=0.066667
0	0	0	0	0	0	0	0	0	0	0		 Score=1.000000
2	0	0	0	2	0	0	0	0	0	0		 Score=0.125000
4	0	0	0	3	0	0	0	0	0	0		 Score=0.125000
0	0	0	0	0	0	0	2	0	0	2		 Score=0.166667
0	0	0	0	0	0	0	0	0	0	0		 Score=1.000000
1	0	0	0	0	0	2	0	0	0	0		 Score=0.083333
10	6	8	1	0	0	0	0	0	0	0		 Score=0.250000
0	0	0	0	0	0	0	0	0	0	0		 Score=1.000000
5	0	2	0	0	0	0	0	0	0	0		 Score=0.250000
1	0	0	0	0	0	2	0	0	0	0		 Score=0.083333
1	0	0	0	0	0	2	0	0	0	0		 Score=0.083333
0	0	0	0	0	0	0	0	0	0	0		 Score=1.000000
0	0	0	0	0	0	0	0	0	0	0		 Score=1.000000
1	0	0	0	0	0	2	0	2	0	0		 Score=0.047619
0	0	0	4	0	0	0	0	0	0	1		 Score=0.071429
0	0	0	0	0	0	0	0	0	0	0		 Score=1.000000
1	0	0	0	0	0	0	3	0	0	0		 Score=0.071429
0	0	0	0	0	0	0	0	0	0	0		 Score=1.000000
1	0	0	0	0	0	2	0	0	0	0		 Score=0.083333
1	0	0	0	0	0	0	3	0	0	0		 Score=0.071429
0	0	0	0	0	0	0	0	0	0	0		 Score=0.500000
1	82	63	13	0	0	0	0	0	0	0		 Score=0.250000
0	0	0	0	0	0	0	0	0	0	0		 Score=1.000000
1	0	1	1	2	3	1	1	0	0	0		 Score=0.071429
0	0	0	0	0	0	1	0	4	1	9		 Score=0.125000
1	0	0	0	0	0	0	2	0	3	0		 Score=0.041667
0	0	0	0	2	0	0	4	0	0	1		 Score=0.066667
5	41	32	2	0	0	0	0	0	0	0		 Score=0.250000
0	0	0	0	2	0	0	2	0	0	0		 Score=0.166667
0	3	4	2	2	2	1	0	0	0	0		 Score=0.166667
0	0	0	0	0	0	0	0	0	0	0		 Score=1.000000
1	0	1	1	3	0	2	7	3	1	0		 Score=0.041667
0	0	0	1	1	2	3	6	5	6	2		 Score=0.125000
5	3	3	1	0	0	0	0	0	0	0		 Score=0.250000
2	0	5	2	1	0	0	0	0	0	0		 Score=0.125000
1	0	0	1	0	6	7	5	11	7	0		 Score=0.035714
0	0	0	0	1	0	1	3	2	2	4		 Score=0.083333
0	0	0	0	0	0	1	3	11	31	88		 Score=0.200000
1	0	0	0	0	1	0	2	0	2	0		 Score=0.035714
0	0	0	2	0	0	3	0	2	1	0		 Score=0.062500
0	0	0	0	0	0	1	0	0	3	4		 Score=0.111111
0	0	0	0	0	0	0	2	0	0	2		 Score=0.166667
0	0	0	1	0	0	0	0	1	6	1		 Score=0.050000
1	0	0	0	0	0	2	0	0	0	0		 Score=0.083333
0	0	0	0	0	0	0	2	3	5	10		 Score=0.250000
1	0	0	0	0	0	2	0	0	0	0		 Score=0.083333
0	0	0	0	0	0	2	0	0	0	1		 Score=0.125000
0	0	0	0	0	0	0	0	0	0	0		 Score=1.000000
1	0	0	0	0	0	2	0	0	0	0		 Score=0.083333
1	0	0	0	0	0	2	0	0	0	0		 Score=0.083333
2	0	0	0	0	0	3	0	0	0	0		 Score=0.083333
0	0	0	0	0	0	0	0	0	0	0		 Score=1.000000
0	0	0	0	0	0	0	0	0	0	0		 Score=1.000000
0	0	0	0	0	0	0	0	0	0	0		 Score=1.000000
1	0	0	0	0	0	2	0	0	0	0		 Score=0.083333
0	0	0	0	0	0	2	0	0	0	1		 Score=0.125000
1	0	0	0	0	0	2	0	0	0	0		 Score=0.083333
2	0	0	0	0	0	3	0	0	0	0		 Score=0.083333
2	0	0	0	2	0	0	0	0	0	0		 Score=0.125000
0	0	0	0	0	0	0	0	0	0	0		 Score=1.000000
1	0	0	3	0	1	0	1	0	0	0		 Score=0.050000
0	0	0	0	0	0	0	0	0	0	0		 Score=0.500000
0	0	0	0	0	0	2	0	0	0	1		 Score=0.125000
0	0	0	0	0	0	0	0	0	0	0		 Score=1.000000
0	0	0	0	0	0	0	0	0	0	0		 Score=1.000000
0	0	0	0	0	0	0	0	0	0	0		 Score=1.000000
0	0	0	0	0	0	0	2	0	0	2		 Score=0.166667
1	0	0	0	0	0	2	0	0	0	0		 Score=0.083333
0	0	0	0	0	0	0	0	1	1	19		 Score=0.333333
0	0	0	0	0	0	0	0	0	0	0		 Score=1.000000
1	0	0	0	0	0	2	0	0	0	0		 Score=0.083333
0	0	0	0	0	0	0	0	0	0	0		 Score=0.500000
1	0	0	0	0	0	2	0	0	0	0		 Score=0.083333
0	0	0	0	0	0	0	0	0	0	0		 Score=1.000000
0	0	0	0	0	0	2	0	0	0	1		 Score=0.125000
4	0	1	0	0	0	5	1	0	0	0		 Score=0.050000
0	0	0	0	0	0	0	0	2	0	3		 Score=0.250000
2	0	0	0	0	0	3	0	0	0	0		 Score=0.083333
0	0	0	0	0	0	2	0	0	0	1		 Score=0.125000
0	0	0	0	1	0	0	2	0	0	1		 Score=0.066667
2	0	0	0	0	0	3	0	0	0	0		 Score=0.083333
1	0	0	0	0	0	2	0	0	0	0		 Score=0.083333
0	0	0	0	0	0	0	0	0	0	0		 Score=1.000000
0	0	0	0	0	0	2	2	0	0	3		 Score=0.111111
1	0	0	0	0	0	0	3	0	0	0		 Score=0.071429
1	0	0	4	0	0	0	0	0	0	0		 Score=0.166667
0	0	0	1	0	1	0	1	0	3	0		 Score=0.062500
0	0	0	0	0	0	0	0	0	0	0		 Score=1.000000
0	0	0	0	0	0	0	0	0	0	0		 Score=1.000000
0	0	0	0	0	0	0	0	0	0	0		 Score=0.500000
0	0	0	0	0	0	2	0	0	0	1		 Score=0.125000
2	0	0	0	2	0	0	0	0	0	0		 Score=0.125000
0	0	0	0	0	0	1	0	1	4	3		 Score=0.125000
0	0	1	0	1	1	2	1	1	2	4		 Score=0.062500
2	0	2	1	4	1	1	0	1	0	0		 Score=0.047619
0	0	0	4	0	0	1	0	0	0	0		 Score=0.166667
4	0	2	0	1	0	0	0	0	0	0		 Score=0.111111
0	0	0	0	0	0	0	0	0	0	0		 Score=1.000000
1	0	0	1	1	0	0	5	1	0	0		 Score=0.040000
1	0	0	0	2	0	0	1	0	0	0		 Score=0.055556
0	0	0	0	0	0	0	0	0	0	0		 Score=1.000000
0	0	0	0	0	0	0	0	1	0	10		 Score=0.250000
0	0	0	0	0	0	0	0	1	5	48		 Score=0.333333
0	0	0	0	0	0	2	0	0	0	1		 Score=0.125000
0	0	0	0	0	0	1	1	3	11	18		 Score=0.200000
0	0	0	0	0	2	4	0	1	0	1		 Score=0.083333
0	0	0	0	0	0	2	0	0	0	1		 Score=0.125000
0	0	0	0	0	0	2	0	0	4	1		 Score=0.111111
2	0	0	0	2	0	0	0	0	0	0		 Score=0.125000
0	0	0	0	0	0	0	2	0	0	2		 Score=0.166667
3	0	0	2	0	0	0	0	0	0	0		 Score=0.166667
1	1	2	4	4	3	3	1	2	0	0		 Score=0.111111
1	0	0	0	0	0	2	0	0	0	0		 Score=0.083333
1	0	0	0	0	0	2	0	0	0	0		 Score=0.083333
0	0	0	0	0	0	1	1	0	9	10		 Score=0.125000
0	0	0	0	0	0	0	0	0	0	0		 Score=1.000000
0	0	0	0	0	0	2	0	0	0	1		 Score=0.125000
0	0	0	0	0	0	1	0	2	0	2		 Score=0.111111
0	0	0	0	1	0	0	0	2	2	7		 Score=0.062500
0	0	0	0	0	0	0	2	0	2	2		 Score=0.166667
0	0	0	0	0	0	2	0	3	2	1		 Score=0.125000
0	0	0	0	0	0	0	0	0	0	0		 Score=1.000000
1	0	0	0	0	1	0	0	0	5	4		 Score=0.031250
1	0	0	0	0	0	2	0	0	0	0		 Score=0.083333
2	0	1	1	1	0	3	2	1	1	0		 Score=0.041667
0	0	0	0	0	0	0	0	0	0	0		 Score=1.000000
1	0	0	0	2	0	0	1	0	0	0		 Score=0.055556
0	0	0	0	0	0	0	0	0	0	0		 Score=1.000000
0	0	0	0	0	0	0	0	0	0	0		 Score=0.500000
6	6	1	0	0	0	0	0	0	0	0		 Score=0.333333
0	0	0	0	0	0	0	0	0	0	0		 Score=1.000000
0	0	1	0	0	0	0	1	3	12	3		 Score=0.040000
0	0	0	0	0	0	0	0	0	0	0		 Score=1.000000
1	0	0	0	0	0	0	3	0	0	0		 Score=0.071429
0	0	0	1	0	0	0	1	2	5	0		 Score=0.062500
0	0	0	0	0	0	0	0	0	0	0		 Score=1.000000
0	0	0	1	0	0	2	0	1	0	1		 Score=0.050000
0	0	0	0	0	0	0	0	0	0	0		 Score=1.000000
1	0	0	0	0	0	2	0	0	0	0		 Score=0.083333
0	0	0	0	0	0	0	0	0	0	0		 Score=1.000000
0	0	0	0	0	0	0	0	0	0	0		 Score=1.000000
0	0	0	0	0	0	0	0	0	0	0		 Score=1.000000
0	0	0	0	0	0	0	0	0	0	0		 Score=1.000000
0	0	0	3	0	0	1	0	1	0	0		 Score=0.083333
1	0	0	0	0	0	2	0	2	0	0		 Score=0.047619
0	0	0	0	0	0	0	0	0	0	0		 Score=1.000000
1	0	0	0	0	0	0	3	0	0	0		 Score=0.071429
0	0	0	0	0	0	0	0	0	0	0		 Score=1.000000
0	0	0	0	0	0	0	0	0	0	0		 Score=1.000000
1	0	0	0	0	0	2	0	0	0	0		 Score=0.083333
1	0	0	0	0	0	2	0	0	0	0		 Score=0.083333
1	0	0	0	0	0	2	0	0	0	0		 Score=0.083333
0	0	0	0	0	0	0	0	0	0	0		 Score=1.000000
0	0	0	0	0	0	0	0	0	0	0		 Score=1.000000
3	0	0	0	0	2	2	3	0	0	0		 Score=0.050000
0	0	0	0	0	0	0	0	0	0	0		 Score=1.000000
0	0	0	0	0	0	0	0	0	0	0		 Score=1.000000
0	0	0	0	0	0	0	0	0	0	0		 Score=1.000000
0	0	0	1	0	0	0	0	3	0	1		 Score=0.055556
0	0	0	0	0	0	0	1	0	4	1		 Score=0.166667
0	0	0	0	0	0	0	0	0	0	0		 Score=1.000000
1	0	0	0	0	0	2	0	0	0	0		 Score=0.083333
0	0	0	0	0	0	0	0	0	0	0		 Score=1.000000
0	0	0	0	0	0	0	0	0	0	0		 Score=1.000000
1	0	0	0	0	0	0	2	0	4	0		 Score=0.041667
2	4	5	2	0	1	0	0	0	0	0		 Score=0.100000
0	0	0	0	1	1	1	0	4	3	5		 Score=0.083333
0	0	4	4	1	3	0	0	1	0	0		 Score=0.066667
1	3	5	0	1	1	1	0	0	0	0		 Score=0.083333
0	0	0	0	2	0	0	2	0	0	0		 Score=0.166667
1	0	0	0	0	0	2	0	0	0	0		 Score=0.083333
0	0	0	0	0	0	0	0	0	0	0		 Score=1.000000
0	0	0	0	0	0	2	0	0	0	1		 Score=0.125000
1	0	0	0	0	0	2	0	0	0	0		 Score=0.083333
1	0	0	0	0	0	0	0	4	0	0		 Score=0.062500
0	0	0	0	0	0	0	0	2	3	16		 Score=0.333333
0	0	0	0	0	0	0	0	0	0	0		 Score=0.500000
0	0	0	0	0	0	0	0	0	0	0		 Score=1.000000
2	0	0	0	0	2	0	2	0	0	0		 Score=0.055556
1	0	0	0	0	0	2	0	0	0	0		 Score=0.083333
0	0	0	0	0	0	2	0	0	0	1		 Score=0.125000
0	0	0	0	0	0	1	0	0	4	5		 Score=0.111111
0	0	0	0	0	0	0	0	0	0	0		 Score=1.000000
0	0	0	0	0	0	0	0	0	0	0		 Score=1.000000
5	4	5	5	0	0	0	0	0	0	0		 Score=0.250000
0	0	0	1	0	0	3	0	1	0	0		 Score=0.083333
1	0	0	0	0	0	2	0	0	0	0		 Score=0.083333
2	0	0	0	2	0	0	0	0	0	0		 Score=0.125000
0	0	0	0	0	0	0	0	0	0	0		 Score=1.000000
7	8	3	1	0	0	0	0	0	0	0		 Score=0.250000
1	0	0	0	0	0	2	0	2	0	0		 Score=0.047619
0	0	0	0	0	0	0	1	0	2	4		 Score=0.166667
1	0	0	0	0	0	2	0	2	0	0		 Score=0.047619
0	0	0	0	0	0	2	0	0	0	1		 Score=0.125000
1	0	1	0	0	0	2	0	3	1	0		 Score=0.033333
0	0	0	0	0	0	0	0	0	0	0		 Score=1.000000
1	0	0	0	0	0	1	0	4	2	0		 Score=0.035714
0	0	0	0	0	0	0	0	0	0	0		 Score=1.000000
1	0	0	0	0	0	2	0	0	0	0		 Score=0.083333
1	0	0	0	0	0	2	0	0	0	0		 Score=0.083333
0	0	0	0	0	0	0	0	0	0	0		 Score=1.000000
0	0	0	0	0	0	0	0	0	0	0		 Score=1.000000
0	0	0	0	0	0	0	0	0	0	0		 Score=1.000000
1	0	0	0	0	0	0	3	0	0	0		 Score=0.071429
0	0	0	0	0	0	0	1	3	4	7		 Score=0.250000
0	0	0	0	2	0	0	2	0	0	0		 Score=0.166667
0	0	0	0	0	0	0	0	0	0	0		 Score=1.000000
0	0	0	0	0	0	0	2	0	0	2		 Score=0.166667
0	0	0	1	0	0	0	0	0	4	1		 Score=0.055556
0	0	0	0	0	0	3	2	6	1	3		 Score=0.200000
1	0	0	0	0	0	2	0	0	0	0		 Score=0.083333
2	0	3	0	1	0	1	0	0	0	0		 Score=0.062500
6	18	4	5	0	0	0	0	0	0	0		 Score=0.250000
3	0	0	2	0	0	0	0	0	0	0		 Score=0.166667
0	0	0	0	0	0	0	0	0	0	0		 Score=1.000000
1	0	0	0	0	0	2	0	0	0	0		 Score=0.083333
1	0	0	0	0	0	2	7	2	2	2		 Score=0.027778
1	0	0	0	0	0	2	0	0	0	0		 Score=0.083333
0	0	0	0	0	0	0	0	0	0	0		 Score=1.000000
8	48	31	0	0	0	0	0	0	0	0		 Score=0.333333
0	0	0	0	1	2	1	2	2	2	0		 Score=0.166667
3	1	0	4	1	1	2	0	0	0	0		 Score=0.083333
1	0	0	0	0	0	0	2	0	4	0		 Score=0.041667
0	0	0	0	0	0	0	0	2	2	5		 Score=0.333333
2	0	0	0	2	0	0	0	0	0	0		 Score=0.125000
1	0	0	0	2	0	2	1	2	1	0		 Score=0.033333
0	0	0	0	0	0	2	0	0	0	1		 Score=0.125000
2	0	3	2	2	1	1	0	0	0	0		 Score=0.083333
0	0	0	0	0	0	0	0	0	0	0		 Score=1.000000
0	0	0	0	0	0	2	0	0	0	1		 Score=0.125000
0	0	0	0	0	1	0	0	3	2	2		 Score=0.083333
0	0	0	0	0	0	0	0	0	0	0		 Score=1.000000
0	0	0	0	0	0	0	0	0	0	0		 Score=1.000000
0	0	0	0	0	0	0	2	0	0	2		 Score=0.166667
0	0	0	0	0	0	0	0	0	0	0		 Score=0.500000
0	0	0	0	0	2	0	0	0	4	0		 Score=0.125000
0	0	0	0	3	0	0	0	0	0	1		 Score=0.083333
1	0	0	0	0	0	1	3	3	1	0		 Score=0.033333
0	0	0	0	0	0	0	0	0	0	0		 Score=1.000000
0	0	0	0	0	0	0	0	1	2	5		 Score=0.333333
0	0	0	0	0	0	2	0	0	0	1		 Score=0.125000
0	0	0	0	0	0	0	0	0	0	0		 Score=1.000000
1	0	0	0	0	0	2	0	0	0	0		 Score=0.083333
0	0	0	0	0	0	0	0	0	0	0		 Score=1.000000
1	0	0	0	0	1	0	2	0	2	0		 Score=0.035714
4	0	0	2	0	0	0	0	0	0	0		 Score=0.166667
0	0	0	0	0	0	0	0	0	0	0		 Score=1.000000
