
11,12,15,18,37,43,74,107,114,209,210,215,287,292,335,
911,918,1096,1119,1145,1206,1386,1466,1560,1581,1684,1834,
358,447,550,
585,602,607,608,613,624,638,668,674,
692,698,801,
2842,3031,3071,3183,3230,
2079,2195,2269,2457,2470,2569,2596,
3451,3453,3570,3650,3709,3729,3748,3798,3820,3853,3856,3935,3974,
3984,4008,4010,4015,4022,4024,4035,
875,883,891,892,
911,918,1096,1119,1145,1206,1386,1466,1560,1581,1684,1834,
11,12,15,18,37,43,74,107,114,209,210,215,287,292,335,
358,447,550,
585,602,607,608,613,624,638,668,674,
692,698,801,
2842,3031,3071,3183,3230,
2079,2195,2269,2457,2470,2569,2596,
3451,3453,3570,3650,3709,3729,3748,3798,3820,3853,3856,3935,3974,
3984,4008,4010,4015,4022,4024,4035,
875,883,891,892,
11,12,15,18,37,43,74,107,114,209,210,215,287,292,335,
3984,4008,4010,4015,4022,4024,4035,
911,918,1096,1119,1145,1206,1386,1466,1560,1581,1684,1834,
358,447,550,
585,602,607,608,613,624,638,668,674,
692,698,801,
875,883,891,892,
2842,3031,3071,3183,3230,
2079,2195,2269,2457,2470,2569,2596,
3451,3453,3570,3650,3709,3729,3748,3798,3820,3853,3856,3935,3974,
11,12,15,18,37,43,74,107,114,209,210,215,287,292,335,
911,918,1096,1119,1145,1206,1386,1466,1560,1581,1684,1834,
358,447,550,
585,602,607,608,613,624,638,668,674,
692,698,801,
2842,3031,3071,3183,3230,
2079,2195,2269,2457,2470,2569,2596,
3451,3453,3570,3650,3709,3729,3748,3798,3820,3853,3856,3935,3974,
3984,4008,4010,4015,4022,4024,4035,
875,883,891,892,
11,12,15,18,37,43,74,107,114,209,210,215,287,292,335,
911,918,1096,1119,1145,1206,1386,1466,1560,1581,1684,1834,
358,447,550,
585,602,607,608,613,624,638,668,674,
692,698,801,
2842,3031,3071,3183,3230,
2079,2195,2269,2457,2470,2569,2596,
3451,3453,3570,3650,3709,3729,3748,3798,3820,3853,3856,3935,3974,
3984,4008,4010,4015,4022,4024,4035,
875,883,891,892,
5,19,305,
192,241,255,
5,19,305,
3589,3808,3891,3942,3959,
749,775,833,848,
795,833,846,848,851,854,
3440,3831,3916,
422,427,480,
586,610,652,673,
3597,3689,3805,
2691,2692,2722,2736,2817,2860,2952,2971,2998,3059,3147,3314,3374,3375,3389,3413,3424,3436,
120,208,271,294,
899,904,905,955,1024,1157,1200,1252,1362,1518,1889,
2774,2860,2884,2896,3225,3310,3375,
3464,3494,3539,3600,3931,
3441,3457,3467,3543,3560,3575,3588,3597,3619,3624,3682,3733,3742,3744,3775,3808,3811,3885,3911,3925,3928,3939,3952,3955,
656,1332,1694,
2692,2714,2798,2818,2826,2846,2855,2860,2884,2961,2998,3094,3105,3121,3159,3194,3217,3365,
2745,2978,3036,3333,
2051,2100,2548,
574,592,657,660,671,679,
592,631,657,663,
3027,3034,3221,3323,
2263,2371,2534,
3544,3693,3750,
929,987,1046,1057,1058,1071,1151,1157,1200,1264,1353,1362,1417,1498,1510,1693,1762,1792,1797,
3566,3606,3812,
3597,3724,3808,3914,3925,
3441,3531,3624,3682,
788,802,833,
691,767,829,
794,799,854,
368,504,533,
3467,3744,3765,3970,
3633,3779,3795,3831,
397,413,498,556,
2037,2178,2357,2380,2499,2534,2580,2622,
3597,3673,3689,3699,3724,3808,3816,3827,3839,3928,3936,3955,
3990,4007,4016,4025,
3444,3742,3861,
3502,3669,3700,3813,3830,3864,3911,
2670,2767,3318,
3445,3538,3628,3743,3819,3868,
2774,2817,3074,3127,3147,
89,95,147,219,319,
152,181,275,
1924,1988,2622,
584,678,679,
349,478,508,534,
3487,3551,3961,
717,852,855,
349,478,534,
937,1248,1749,
870,881,895,
3487,3551,3961,
3445,3538,3628,3743,3819,3868,
2094,2245,2281,2301,2487,
2721,2824,2962,3091,
89,95,147,219,319,
152,181,275,
3502,3813,3911,
1064,1372,1478,1831,
89,95,147,219,319,
152,181,275,
2767,2959,3318,
3055,3074,3127,
3502,3700,3864,
3489,3652,3676,
2899,3139,3229,
3953,3660,
3775,3610,
3270,2904,
3016,2980,
2621,2431,
2439,2263,
3441,3585,3811,
603,617,653,
2259,2466,2515,
3186,3244,3275,
2914,3171,3240,
456,492,558,
700,723,738,
1952,2452,2493,2605,
3618,3667,3908,3929,
3492,3505,3520,3817,3861,
3461,3548,3880,3943,3944,
3503,3574,3730,
950,1008,1327,1697,
3483,3671,3834,
2287,2300,2524,
2070,2181,2228,
1960,2158,2397,
861,869,871,872,877,
1038,1094,1305,1433,1453,1558,
2790,3274,3276,
2801,2816,2918,
2667,2735,2882,3275,3342,3365,
2702,2832,2946,3043,3178,3279,
2707,2840,3170,
584,600,647,657,667,
3457,3552,3601,3617,3712,3788,3795,3813,3843,3882,3889,3913,3942,3949,3954,3963,3970,3977,
2682,2685,3210,
362,454,528,
3564,3777,3834,
3569,3784,3976,
3493,3896,3958,
2070,2181,2228,
2834,2959,3311,
3441,3624,3682,
3463,3572,3833,3870,
603,617,653,
901,1747,1802,
2699,2710,2713,2805,2834,2888,3151,3161,3197,3235,3244,3354,3388,
955,986,1038,1065,1077,1093,1143,1177,1194,1239,1240,1241,1401,1501,1558,1710,1749,1775,1887,
477,480,541,1808,
355,442,444,450,521,
3288,3292,3406,
1919,2001,2014,
722,777,822,
1642,2964,2965,3341,
2939,3015,3110,
2892,3346,3356,
741,779,819,843,
3235,3296,3431,
375,379,385,386,406,440,462,464,498,499,521,562,572,
381,505,518,
426,433,541,
2895,2965,3192,
60,113,232,272,
1239,1484,1540,
1083,1594,1626,
1008,1140,1461,1477,1701,2725,2826,3409,
2816,2932,3156,3402,
3,75,100,290,
2012,2013,2015,2017,2166,2167,2204,2227,2234,2252,2305,2388,2454,2481,2522,
3520,3543,3559,3563,3698,
2841,2864,2957,3211,
1975,2260,2316,2644,
405,534,594,1013,
2287,2476,2524,
1161,1312,1817,
3671,3784,3976,
2080,2402,2618,2632,
897,1101,1128,1562,
862,3618,3741,3962,
2718,2831,3015,
2251,2357,2540,
698,3441,3494,3520,3522,3537,3581,3607,3619,3653,3666,3754,3799,3806,3807,3809,3811,3812,3814,3818,3819,3823,3827,3847,3857,3871,3876,3895,3922,3937,
3552,3562,3736,3795,3813,3832,
2825,2859,2926,3219,
3144,3288,3349,
2816,2918,2938,3099,3110,3358,
362,458,548,565,
2809,3092,3294,
2746,2827,2933,2940,
2709,2805,2882,2971,3067,3161,3227,
912,1065,1151,1194,1558,
588,664,672,
1919,2012,2447,
950,1553,1588,
3712,3828,3940,
2113,2217,2450,2548,
2699,2703,2879,2972,2982,3008,3283,3309,3314,3382,3423,
64,100,150,171,189,
4027,4031,4038,
3439,3616,3638,3647,3716,3799,3932,
3981,3994,3997,3998,4023,
357,486,516,551,
1992,2076,2170,2320,2444,2486,2622,2650,
20,115,149,226,312,326,343,
1144,1174,1494,1676,1705,
2696,2697,2870,2934,3246,
3473,3567,3595,3628,3739,3743,3868,3874,3912,3917,
2886,3083,3126,3128,3336,
939,1064,1212,1831,1910,
3465,3519,3571,3579,3757,3759,3774,3836,3837,3957,
3103,3285,3371,
3472,3644,3685,
955,1111,1197,1368,
3481,3523,3562,3581,3613,3639,3649,3919,
2670,2703,3283,3318,3325,3423,
2769,2807,3130,3300,
3502,3669,3700,3813,3864,3911,
3066,3083,3128,
979,1138,1403,1499,
1055,1266,1564,
863,876,878,888,889,
2744,3156,3256,
3759,3836,3837,
3618,3692,3968,
89,147,319,
695,697,705,713,778,834,844,
4,78,181,195,218,273,275,306,328,
3623,3768,3782,3866,
3046,3109,3212,
3465,3519,3571,3579,3675,3708,3757,3774,3918,3975,
2799,2861,3122,3141,3218,
393,399,501,
2868,3099,3329,3349,
2744,3156,3256,
2871,3189,3395,
3466,3829,3945,3972,
2795,3138,3374,
3061,3081,3405,
2783,2984,3192,
350,407,433,504,510,543,
3007,3241,3371,3420,
3500,3655,3696,3776,3783,3920,
3512,3533,3929,
2695,2806,3213,
3512,3533,3929,
977,1249,1748,
1050,1441,1822,1905,
872,874,885,
399,441,564,
1030,1043,1368,1788,
3479,3481,3516,3523,3562,3594,3613,3649,3695,3883,3898,
3618,3692,3968,
3446,3490,3546,3863,
3595,3725,3739,3743,
582,595,635,
2670,2703,2972,3283,3318,3325,3423,
3500,3696,3776,3933,3960,
1055,1266,1441,1585,1779,1822,
396,474,519,557,
3982,4009,4023,4030,
3472,3698,3840,3850,
3478,3500,3587,3655,3747,3783,3791,3920,3933,3960,3967,
956,979,1016,1138,1177,1218,1403,1499,
2982,3008,3309,
68,99,175,227,263,
1978,2286,2503,
8,91,110,259,
2094,2281,2487,
3338,3376,3401,3425,3427,
1278,1724,1771,
2697,2820,2934,
357,424,469,486,516,
754,780,835,
955,1111,1368,
2799,2861,3122,3141,3218,
1566,1599,1731,1814,
396,474,548,555,
1990,2248,2497,
1992,2076,2170,2349,2444,2650,
2918,2955,3196,3236,
3473,3595,3725,3739,3743,3868,3874,3912,3917,
3465,3519,3579,3759,3837,3975,
3442,3472,3505,3521,3629,3685,3840,
1988,2207,2320,2349,2401,2444,2486,2490,2622,2650,
2113,2450,2548,2558,
1030,1043,1368,1788,
3126,3322,3336,
3053,3122,3200,
92,194,299,346,
1936,1975,1978,1990,2248,2286,2314,2335,2403,2497,2503,2534,
369,457,516,554,
1005,1089,1213,1667,
57,242,249,
2666,2917,3065,3098,3226,
1913,2312,2355,
359,474,519,555,
3052,3234,3315,
2879,2959,3008,3314,
3155,2935,
3028,2997,
3368,2935,
3155,2933,
3155,2935,
3028,2997,
2524,2468,
2165,2103,
3681,3640,
3627,3518,
3412,3285,
3241,2779,
3881,3623,
3768,3468,
3977,3735,
3769,3663,
3415,3043,2696,
3357,3248,3109,3097,2871,
2695,2909,2961,3092,3234,
3034,3110,3191,
2716,2768,3152,
2694,2929,2969,
3452,3475,3527,
2197,2448,2558,
2001,2626,2658,
3503,3642,3750,
904,1258,1300,1439,1447,1538,1554,1775,
2219,2514,2557,
2021,2355,2530,
2737,2830,3177,
2772,3117,3279,3307,
2341,2373,2523,2540,
862,3741,3796,
3503,3762,3943,3944,
994,1070,1592,
576,595,601,
3509,3784,3786,3976,
3499,3803,3931,
2795,3136,3240,
1015,1286,1332,
1166,1392,1454,
1136,1193,1518,3556,3561,
3450,3462,3603,3658,3779,3780,3902,
426,523,565,
1934,1974,1996,2070,2105,2158,2162,2197,2217,2219,2251,2265,2301,2358,2456,2514,2580,2614,
1088,1151,1630,1699,
3440,3550,3651,3692,3741,3943,
2921,3148,3349,3357,
3185,3204,3258,
710,815,836,
800,848,849,
1190,1279,1872,
941,1284,1661,
2779,3062,3186,
1028,2529,2547,
926,983,1278,1530,
3578,3687,3889,
367,487,512,
1001,1313,1677,
389,1658,1703,1738,1781,
2811,2876,3088,3215,3254,
2023,2146,2373,
2758,2841,2979,2997,
1931,2636,2648,
729,825,840,
382,546,568,
3498,3590,3802,
2,7,10,13,63,77,84,146,152,162,208,222,260,268,290,305,314,
2690,2772,2848,3190,3307,
3032,3115,3219,3380,
2668,2859,3034,3323,
2211,2256,2440,2514,
2976,3039,3067,
2783,3260,3313,
1025,1210,1695,
1411,1439,1449,
1205,1265,1723,1843,
597,601,647,661,671,
988,1143,1489,
970,1072,1109,
2695,2761,2891,
2044,2234,2350,
3004,3092,3390,
576,577,665,
2745,2746,2798,2850,2895,3048,3094,3112,3133,3151,3199,3211,3334,3352,
904,969,1087,1151,1187,1193,1249,1411,1641,1654,1660,1696,1874,
1028,1222,1293,
1056,1155,1342,1779,
1449,1590,1734,
922,959,1437,1556,1658,
2883,2914,2979,3007,3110,
2385,2508,2529,
3559,3770,3869,
2945,3042,3080,3326,
723,783,804,825,853,
1,7,9,62,260,290,
3680,3738,3777,
2070,2162,2231,
2976,3067,3393,
2089,2412,2644,
3822,3833,3900,
3564,3622,3690,
3472,3505,3698,
3501,3684,3948,
3506,3584,3903,
3584,3793,3818,
3162,3168,3233,
688,697,766,824,828,830,
3440,3540,3684,
3842,3966,3971,
3442,3521,3553,
2036,2214,2406,
1988,2170,2320,2349,2426,2444,2486,2490,2622,2650,
3599,3636,3835,
705,781,827,
3577,3851,3877,
1923,2141,2209,2270,2272,2318,2362,2416,2480,2525,2610,
942,1099,1261,1396,1824,
2849,3021,3035,3102,3132,3247,3265,3297,3351,
115,149,226,312,326,343,
3077,3086,3241,3285,3420,
2765,3316,3416,
948,1318,1332,1870,
2806,3004,3023,3213,3324,
3025,3137,3394,
2743,2810,3073,
2907,3073,3135,
1406,1820,1871,
2810,2945,3433,
2673,2948,3193,
3463,3706,3714,
3535,3601,3623,3645,
688,754,780,815,823,
3486,3569,3794,
115,149,226,312,326,343,
3464,3466,3529,
2743,2810,3073,
2731,3084,3123,
98,118,172,211,238,239,261,265,313,325,
2731,3084,3123,
3025,3104,3137,
1998,2018,2027,2378,
1972,1991,1998,
2325,2419,2525,
3506,3584,3903,
2793,2849,2853,2863,2939,3021,3082,3146,3169,3239,3297,3416,
2724,2728,3002,3019,3162,3177,3207,3295,3346,3366,3412,
694,696,711,724,738,784,829,842,853,
1981,2003,2072,2075,2101,2110,2161,2222,2235,2243,2390,2394,2415,2479,2501,2603,2652,
484,606,1179,1574,1645,
404,431,525,
2932,3187,3264,3369,
703,764,781,817,827,
2795,3138,3178,3374,
2719,2778,3261,
577,578,582,583,600,615,627,635,640,643,650,658,659,661,662,670,675,681,
2729,2977,3119,
3545,3824,3884,
2089,2126,2236,2371,2628,
1914,1919,1991,2001,2006,2061,2159,2365,2585,2633,2647,2657,2659,
3590,3728,3740,
2019,2234,2303,2393,
3625,3677,3692,
3506,3833,3896,
3534,3612,3825,
3478,3500,3587,3747,3776,3791,3933,
3464,3466,3529,
3140,3386,3397,
3106,3120,3206,3239,3247,3252,3316,3330,3344,3355,3391,3416,
1018,1508,1638,
1360,1567,1705,
1328,1421,1825,
1064,1212,1743,
3449,3586,3693,3734,3841,
2406,2566,2612,
975,981,1067,1082,1227,1292,1347,1379,1404,1448,1475,
957,1591,1873,
3557,3670,3702,3790,
398,409,479,493,512,536,545,
949,1189,1226,1311,1348,1415,1507,1770,
1062,1183,1343,1435,1569,
589,625,684,
492,614,669,
2684,2701,2708,2797,2823,3011,3262,
706,731,810,834,
3456,3495,3501,3577,3677,3684,3756,3797,3830,3851,3948,3962,
2694,2749,2910,2916,2943,3108,
2091,2126,2236,2361,
2829,3168,3295,
2145,2366,2612,
573,579,592,
752,805,847,
738,784,842,
724,738,795,
2004,2027,2538,
1914,2000,2583,2645,2647,
2067,2092,2147,2387,
942,1020,1066,1099,1102,1245,1261,1396,1582,1729,1732,1742,1820,1824,1894,
1051,1070,1260,1686,1876,
3608,3615,3713,3722,3740,3835,3867,3907,3921,
1446,1695,1766,
2061,2159,2225,2364,2657,
1951,1995,2018,2171,2284,2378,2447,
754,780,819,838,
719,760,781,
963,992,1097,1118,1137,1216,1232,1319,1378,1468,1533,1548,1568,1733,1787,1798,1837,1880,1895,
1981,2075,2101,2222,2243,2394,2415,2438,2501,2652,
3584,3793,3818,
429,455,466,504,529,
3518,3605,3635,3640,3731,
632,647,665,
3558,3711,3810,
3460,3466,3469,3554,3761,3915,3945,3972,
1494,1555,1588,1687,1803,1866,
3500,3655,3920,3933,3960,
115,149,226,312,326,343,
25,56,199,232,
24,80,94,101,180,187,204,242,249,254,266,302,
901,903,963,1118,1319,1378,1468,1568,
3478,3747,3776,
1097,1216,1548,1601,1733,1798,1837,1895,
3449,3501,3586,
2674,2853,2863,3035,3049,3102,3169,3239,3265,3267,3297,3381,3416,3419,
763,770,797,
2778,2796,3377,3396,3422,
1212,1566,1671,1743,1831,1910,
355,396,547,
1318,1565,1766,1773,
948,1113,1427,1464,
577,599,632,647,662,670,
370,378,423,506,591,
373,387,395,461,524,
954,971,1649,
1085,1136,1705,1719,
1960,2231,2236,2488,
968,1343,1444,1630,
3629,3636,3705,3722,3753,3835,
1919,1980,2001,2061,
2620,2627,2648,
3455,3590,3599,3710,3713,3728,3740,3921,
3683,3886,3948,3968,
2708,2797,3079,
573,579,592,603,611,619,625,636,654,677,684,
3711,3826,3924,3951,
370,438,683,
3759,3836,3837,
92,194,299,346,
2679,2786,2862,2873,2890,2994,3104,3384,
109,118,239,
2773,2929,2956,3026,3029,3090,3417,
579,592,605,609,617,630,644,
2955,3187,3256,3264,3369,
1981,2003,2075,2132,2243,2274,2390,2415,2652,
373,492,513,591,
764,787,797,809,817,
1511,1553,1698,1806,
1986,2387,2449,
3568,3623,3768,3782,3866,
3488,3545,3790,3800,3804,3824,3838,
1100,1104,1229,1345,1583,
1014,1454,1742,1786,1820,1893,
1036,1841,1872,
2796,2853,3381,
2978,3010,3231,
694,745,752,784,828,834,
2159,2202,2365,2633,
1260,1275,1504,
389,1041,1226,1348,1415,1496,
360,387,520,523,
1333,1798,1895,
958,1232,1319,1452,1468,1568,
1919,1935,1951,1972,1973,2006,2171,
1958,2538,2647,
1914,1991,1998,2011,2225,2645,2648,
1141,1188,1308,
2116,2413,2459,2531,
901,963,1097,1118,1378,1548,1837,
1988,2170,2207,2401,2444,2486,2650,
1960,2091,2236,
3825,3604,
3561,3474,3459,
3342,3027,
3140,2772,
570,395,
460,439,423,
2612,2214,
2366,2291,
1716,902,
1691,1432,
1847,1274,1098,
1553,1317,
3431,2696,
3248,3144,
2589,2588,
2582,2330,
3400,3238,2924,
3114,2988,2931,
1862,1781,1764,1587,
1680,1120,
1907,1638,
1406,1281,
1831,1529,1072,
977,949,
2753,3002,3199,
1287,1509,1530,
1439,1561,1782,
3214,3341,3395,
385,471,488,525,
1140,1445,1653,1709,1893,
2001,2097,2202,
2261,2309,2546,
2055,2164,2213,
3112,3148,3247,
1107,1393,1734,
2672,2833,3378,
9,13,39,40,104,248,345,
3475,3491,3521,3683,3736,
2099,2594,2603,
596,1068,1123,1164,1423,1429,1674,1727,1754,
2770,2780,3296,
2725,3024,3162,3210,
2213,2300,2462,2507,2574,
9,13,39,40,104,248,345,
1029,1618,1666,2127,
2784,3169,3205,
2738,2775,3405,
1130,1181,1230,1272,1819,
688,705,838,
2717,2815,2916,
688,697,824,830,
2669,3054,3363,
2800,2839,3363,
1589,1609,1842,
1107,1816,1839,
3019,3233,3366,
2827,3195,3226,
2827,2985,3426,
2676,2911,3108,
1491,1750,1752,
2664,2698,2750,2754,2782,2786,2890,2905,2915,2956,3026,3078,3090,3232,
927,1513,1590,1765,
1123,1449,1480,1886,
2913,3047,3149,
1146,1184,1331,1456,1584,1603,
1006,1078,1335,1399,1736,
1230,1813,1864,
2327,2458,2592,2617,
917,942,1820,
1668,1757,1804,
1608,1669,1768,1791,
1577,1940,2039,2068,2071,2087,2102,2138,2174,2183,2187,2196,2223,2302,2319,2336,2436,2567,
2028,2135,2180,2191,2420,
1939,1970,1981,2075,2132,2222,2235,2243,2390,2396,2415,2434,2438,2479,2509,2603,
2054,2072,2081,2111,2199,2328,2333,2384,2511,
3456,3501,3577,3609,3677,3684,3692,3756,3797,3877,3948,3962,
1338,1472,1536,1703,1876,
2083,2348,2446,2520,2560,
2675,3136,3395,
954,1032,1102,1282,1373,1396,1495,1661,1742,1783,1824,1871,
1120,1298,1315,1576,1715,
2674,2719,2742,2778,2781,2796,2833,2849,2863,2869,2939,3035,3049,3101,3102,3132,3146,3150,3169,3201,3239,3247,3265,3267,3280,3297,3351,3381,
708,719,747,828,
774,805,819,823,
3077,3086,3207,
3495,3633,3721,
1920,1945,2032,2555,2598,2649,
2052,2169,2461,2475,
1927,1951,1972,2171,2364,2620,2657,
3488,3514,3518,3528,3545,3596,3604,3605,3611,3640,3687,3804,3824,3838,3938,
1472,1536,1876,
3501,3577,3684,
2748,3106,3240,
3495,3501,3577,3633,3684,3797,3948,
2101,2479,2537,
2862,2929,2931,3029,3362,
3596,3884,3938,
2077,2307,2521,2578,2623,
1947,2054,2081,2111,2294,2333,2509,
1920,1932,1948,2028,2052,2071,2087,2555,
3488,3790,3804,3838,3902,
694,697,713,719,724,726,745,805,823,824,828,830,
1927,2006,2297,2365,
2779,2829,3077,
896,1014,1032,1277,1661,1742,1786,1871,
925,946,947,1076,1184,1185,1199,1211,1367,1376,1390,1416,1516,1584,1610,1612,1613,1622,1643,1683,1735,1746,1799,1800,1804,1827,1833,1835,1888,
2669,2755,2782,2906,2916,3064,3096,3098,3108,
2694,2757,2800,2864,2910,2919,2920,2925,2940,2960,2969,2986,
21,26,56,67,98,109,118,199,239,252,271,277,304,313,325,
2138,2279,2372,
1995,2001,2009,
1250,1344,1714,
2716,2973,3360,3406,
2875,2894,3172,3332,3350,3396,3411,
402,417,460,520,553,
1940,2194,2241,
1916,2169,2250,2399,
2273,2343,2475,2498,
1970,2221,2438,2501,2603,
1918,1986,2005,2040,2083,2095,2109,2115,2122,2154,2212,2253,2257,2308,2348,2359,2370,2386,2408,2433,2485,2495,2504,2521,2539,2551,2561,2573,2654,
1939,2062,2075,2110,2161,2222,2243,2390,2434,2479,2652,
2676,2872,2966,3022,3078,3226,3348,3387,
2977,3238,3257,3293,
2125,2151,2153,2282,2463,2582,2588,2616,2629,
1945,2039,2068,2102,2187,2196,2199,2292,2336,2471,2598,2649,
2149,2246,2247,
1003,1004,1340,1557,1789,1867,
2661,2674,2778,2793,2828,2863,2939,3049,3082,3116,3120,3146,3169,3201,3239,3247,3252,3267,3277,3351,3416,3419,
373,400,436,438,513,542,559,
2072,2132,2511,
2127,2319,2398,2436,2445,2589,
423,461,506,561,
2698,2750,2866,2877,2905,3033,3149,3339,
3089,3355,3406,
1951,2116,2284,
1972,2024,2364,
2004,2171,2538,2640,
1959,2191,2302,2338,2465,2533,
2038,2047,2289,
3577,3877,3948,
2194,2332,2597,
1465,1577,1920,1932,1948,2028,2148,2183,2191,2196,2283,2302,2315,2338,2351,2533,2555,2592,2629,2643,
1981,2075,2652,
1926,1945,2068,2111,2127,2327,2471,2508,2589,2598,
1051,1338,1366,1525,
400,484,514,566,
2828,2849,3132,3150,3347,
387,395,559,
370,374,506,513,524,553,
2698,2750,2782,2877,2906,2909,2966,3078,3096,3232,
2669,3022,3348,3387,
2827,2866,2905,2913,
2676,2757,2911,2916,2925,3108,3284,
1104,1235,1479,
902,975,1067,1082,1148,1192,1204,1231,1277,1322,1345,1426,1459,1462,1583,1587,1596,1636,1647,
1021,1100,1635,1862,
1020,1066,1108,1382,1751,1824,
1929,2086,2237,2276,2307,2370,2539,2556,
1352,1471,1509,1554,1563,1603,1612,1613,1622,1643,
1126,1269,1291,1516,1589,1714,1833,
1391,1604,1663,
966,983,1006,1040,1083,1125,1153,1163,1256,1271,1288,1331,1370,1380,1456,1457,1488,1547,1598,1619,1668,1809,1839,
1222,1431,1559,1584,1621,1669,1768,
3035,3297,3351,3397,
2661,2719,2742,2793,3082,3101,3116,3280,3434,
2719,2778,2823,3060,3145,3172,3298,3320,
1049,1209,1557,
1004,1181,1242,1644,1689,1795,
1972,2001,2364,2657,
1275,1338,1469,1472,1504,1725,
1475,1715,1899,
1959,2039,2071,2081,2102,2117,2134,2138,2153,2180,2187,2199,2223,2241,2268,2279,2282,2319,2336,2372,2398,2436,2463,2510,2511,2616,
1222,1447,1551,
1032,1282,1742,1893,
2679,2738,2988,3000,3417,
2754,2786,2928,3363,
2683,2729,2756,2773,2929,3084,3090,3293,3362,
1036,1067,1100,1129,1229,
1250,1600,1659,1737,1752,
3040,3047,3149,
1927,1935,2006,2284,2620,2627,
2009,2018,2116,
1951,1973,1980,1995,2171,2337,2365,2378,2538,2640,2645,2647,
3545,3611,3737,
3501,3633,3684,3830,3851,3938,
1718,2133,2149,2176,2198,
1916,1940,1954,2203,2588,
697,713,724,754,780,824,830,
1122,1155,1320,1358,1645,
239,261,313,
25,26,56,67,122,188,200,271,
1919,1935,1980,1995,2025,2159,2171,2620,
1192,1322,1459,
2782,2839,3022,3096,
1918,1953,1997,2020,2063,2095,2112,2122,2359,2408,2430,2469,2550,2619,
1014,1018,1020,1102,1282,1820,
975,981,1292,1379,
1939,1981,2075,2235,2243,2390,2434,2438,2479,2501,2652,
3651,3756,3851,
2676,2877,2909,3226,
2777,2867,2880,2919,2920,2925,2960,2986,3054,3056,
2689,3078,3108,
2750,2755,2827,2916,
2706,2763,2806,
1947,1948,2028,2071,2081,2183,2194,2247,2282,2283,2333,2344,2351,2555,
1920,1932,2279,2332,2511,2592,
1927,1951,1973,2647,
1205,1604,1605,1868,
946,1004,1017,1076,1078,1199,1250,1367,1376,1399,1431,1516,1612,1621,1663,1714,1746,1833,1886,1888,
993,1267,1420,1467,1491,1530,1735,1750,1761,
925,1049,1242,1344,1623,
2778,2869,3330,3381,
1718,1940,2042,2068,2319,2336,2338,2491,2510,
2399,2509,2649,
1577,1945,2010,2039,2047,2054,2087,2102,2111,2117,2125,2133,2138,2149,2153,2169,2176,2187,2199,2224,2241,2246,2289,2292,2294,2302,2328,2384,2461,2463,2471,2475,2498,2582,2588,2598,2629,2643,
1916,2151,2250,2343,2616,
2992,3082,3132,3201,
2674,2863,3035,3049,3146,3239,3351,
966,1125,1163,1449,
1230,1352,1390,1554,1584,1622,1800,1827,
1291,1603,1823,
1465,1959,2135,2268,2533,
960,1207,1668,1712,1839,
983,1040,1107,1832,
898,942,954,1066,1099,1373,1382,1783,1824,1871,
917,1032,1273,1515,1661,1729,1786,1828,
2743,2810,2945,3293,3433,
2928,3000,3073,
2729,2738,2862,3025,3104,
976,1514,1645,
1320,1616,1740,
2828,3350,3396,
432,504,563,
1600,1683,1819,1877,
1929,1946,1962,1971,1979,1986,1993,2005,2030,2033,2037,2040,2043,2078,2084,2088,2093,2108,2109,2140,2142,2165,2172,2188,2200,2201,2220,2229,2233,2257,2266,2276,2278,2290,2340,2348,2352,2363,2376,2381,2404,2423,2433,2464,2495,2507,2520,2542,2559,2560,2561,2575,2586,2590,2593,2601,2604,2607,2611,2615,2624,2625,2630,2638,
2970,3120,3391,
1951,1972,2171,2284,2364,2647,
2370,2386,2655,
2139,2433,2495,
1927,1980,2346,
2110,2221,2479,2603,
1920,1940,2039,2071,2133,2138,2153,2174,2187,2196,2203,2241,2250,2268,2279,2289,2292,2319,2351,2463,2471,2567,2582,2629,2649,
1020,1099,1102,1261,1282,1382,1396,1729,1742,1783,1820,
2665,2753,2989,
2724,2951,3018,3019,3162,3233,3295,3346,3366,
2937,3172,3378,3396,
417,444,542,
1014,1373,1786,
957,1148,1292,1379,1611,1628,1899,
1036,1100,1413,1479,1596,1715,
1172,1849,1902,
1107,1156,1538,1810,
1947,2053,2101,2132,2264,2282,2294,
1117,1559,1613,
921,947,980,1185,1255,1329,1376,1509,1603,1612,1622,1669,1753,1823,1891,
997,1238,1330,1388,1447,1483,1741,1868,
1945,2032,2054,2072,2081,2223,2224,2327,2328,2333,2384,2394,2451,2458,2491,2511,2592,2594,2598,2608,2617,
1132,1153,1163,1390,1456,1604,1736,
1004,1198,1242,1250,1339,1375,1416,1653,
966,1125,1271,1370,1380,1457,1547,1619,1668,1712,1809,
1006,1101,1199,1256,1302,1399,
2717,3195,3226,3387,
2083,2253,2307,2430,2446,2467,2619,
1070,1275,1338,1355,1504,
239,261,313,
2754,2827,2872,2986,3232,
2890,2993,3084,
2866,2877,3033,
2669,2676,2757,2800,2839,2910,2985,3284,3426,
2742,2793,2849,2991,2992,3021,3035,3101,3132,3146,3152,3280,3297,3397,3419,3434,
2664,2694,2916,2925,3078,3348,
697,713,805,823,824,828,830,
1587,988,902,
1190,1019,975,
3253,3222,3020,2941,
3072,2955,2822,
537,473,432,
439,419,392,
1826,1538,
1181,1156,
3324,3014,
3104,2763,
1795,1572,1532,
1653,1644,
3220,2680,
3029,2974,
2547,2508,
2445,2180,
2654,2623,
2408,2374,
3339,3238,2994,
3174,3026,2977,
1074,1351,1835,
1522,1793,1902,
2334,2340,2462,
1941,2347,2468,
1912,1941,2347,2543,
1205,1222,1323,1804,
2104,2139,2184,2381,2578,
2133,2176,2498,2512,2588,
1577,1920,1945,1948,2028,2032,2039,2047,2054,2081,2087,2102,2111,2138,2149,2153,2183,2187,2194,2196,2199,2224,2241,2279,2282,2283,2289,2302,2319,2328,2332,2333,2338,2372,2384,2510,2555,2567,2592,2598,2629,2643,
1017,1126,1352,1367,1391,1399,1431,1516,1522,1621,1622,1707,1730,1746,1800,1888,
925,1185,1269,1557,1613,1717,1721,
993,1076,1376,1509,1551,1559,1589,1603,1612,1663,1813,1827,1833,1835,
1938,1946,2123,2172,2324,2339,2520,2615,
1917,1929,1938,1943,1946,1962,1971,1979,1983,1984,1985,1986,1993,2005,2020,2030,2033,2037,2040,2045,2059,2064,2069,2073,2074,2078,2083,2086,2088,2090,2093,2095,2103,2104,2108,2109,2112,2115,2118,2121,2123,2124,2131,2139,2140,2142,2150,2154,2184,2188,2190,2200,2201,2206,2216,2218,2220,2229,2233,2240,2244,2253,2257,2266,2271,2275,2276,2278,2290,2299,2308,2309,2323,2324,2326,2331,2340,2348,2352,2354,2356,2359,2363,2369,2370,2374,2376,2386,2395,2404,2408,2409,2410,2414,2423,2428,2430,2446,2460,2464,2482,2492,2495,2500,2504,2507,2520,2521,2526,2539,2542,2549,2550,2551,2553,2559,2560,2561,2564,2573,2578,2586,2590,2593,2600,2601,2602,2604,2607,2611,2615,2619,2624,2625,2638,2654,2655,
1917,1962,1979,2037,2043,2095,2124,2140,2154,2359,2363,2370,2374,2500,2504,2526,
1059,1211,1390,1584,1714,
1918,2059,2093,2150,2275,2276,2331,2339,2363,2381,2386,2495,2590,2602,2638,2655,
2007,2038,2189,
2133,2491,2508,
1941,2347,2468,
2054,2174,2461,2498,
993,1076,1243,1377,1551,1559,1589,1613,1669,1675,1768,1835,
1086,1172,1471,1663,1736,1804,1833,
2135,2279,2384,
2032,2068,2072,2102,2111,2187,2199,2268,2289,2292,2336,2598,2649,
2087,2328,2555,
1966,2043,2069,2142,2190,2550,2564,2578,2586,2604,
2071,2081,2283,2510,2511,
1078,1083,1107,1125,1126,1153,1199,1238,1256,1271,1288,1331,1352,1370,1390,1399,1431,1447,1456,1488,1584,1598,1604,1665,1707,1746,1800,1809,1816,1839,1868,1879,1888,
1059,1367,1522,1600,1689,1789,
1017,1117,1211,1391,1554,1621,1730,
1941,2053,2338,2351,2567,2592,
2033,2103,2172,2244,2601,2630,
1132,1172,1736,1879,
1017,1107,1125,1547,1707,
1078,1199,1391,1399,1431,1612,1621,1800,1833,1839,1888,
1925,1966,2112,2278,2359,2374,2550,
2063,2103,2121,2139,2154,2253,2306,2308,2370,2381,2428,2430,2549,2564,2654,
2026,2328,2351,2567,
1971,1997,2033,2201,2352,2520,2526,2561,2601,
1918,1962,1979,2037,2045,2084,2098,2108,2109,2140,2142,2188,2266,2275,2323,2376,2507,2542,2553,2573,2619,2625,2630,
1943,1946,1983,1984,1985,1993,2020,2030,2040,2043,2059,2064,2073,2078,2090,2104,2123,2131,2172,2190,2200,2206,2218,2229,2240,2244,2276,2309,2324,2331,2339,2340,2395,2404,2423,2460,2464,2492,2500,2560,2590,2593,2600,2602,2604,2607,2611,2615,2624,
1938,2074,2095,2118,2150,2184,2212,2326,2334,2354,2356,2363,2408,2410,2446,2482,2559,2578,2586,
1929,2124,2220,2271,2409,
1153,1331,1622,
946,1059,1076,
1146,1267,1377,1557,
1329,1376,1559,1589,1768,1842,
1006,1211,1516,1551,1554,1827,
1390,1391,1584,1612,1663,1714,1746,
1577,1920,1948,2047,2053,2054,2081,2087,2111,2148,2187,2194,2199,2282,2283,2332,2384,2555,2592,2597,2598,2629,
1926,2102,2125,2127,2169,2180,2223,2333,2436,2458,2461,2508,
2142,2266,2602,2611,
1160,1205,1470,1551,
2032,2199,2598,
1947,2054,2509,
1577,2039,2071,2133,2135,2153,2187,2250,2289,2302,2555,2597,
993,1086,1146,1222,1255,1431,1554,1559,1570,1608,1621,1675,1804,1827,
1126,1132,1302,1390,1610,1800,1833,
925,1059,1185,1352,1376,
2007,2068,2087,2111,2138,2194,2336,2372,2384,2451,2508,2592,
2081,2282,2328,2344,
1926,2232,2333,
2103,2108,2244,2306,2348,2430,2561,
2064,2073,2339,2521,2564,2578,2638,
2200,2276,2299,
1214,1329,1377,1447,1622,1662,1707,1768,1835,1842,1902,
1331,1663,1736,1888,
1938,2045,2104,2112,2124,2139,2253,2275,2278,2308,2309,2363,2395,2404,2482,2520,2526,2549,2550,
1917,1918,1946,1962,1983,1984,1986,1993,2005,2030,2037,2043,2059,2074,2078,2086,2088,2090,2093,2118,2123,2131,2150,2184,2188,2190,2201,2206,2212,2218,2220,2229,2233,2240,2271,2290,2324,2326,2331,2340,2352,2356,2359,2369,2370,2376,2381,2408,2409,2410,2414,2423,2428,2464,2484,2492,2500,2507,2542,2551,2560,2586,2590,2593,2600,2604,2607,2619,2624,2625,2654,2655,
2095,2140,2323,2615,
997,1173,1238,1330,1483,1665,1793,1813,
2133,2174,2224,2241,2463,2471,
1211,1269,1516,1799,1804,1823,
1059,1076,1126,1146,1420,1750,1827,
1329,1559,1589,1613,1768,
1184,1242,1367,
993,1185,1255,1352,1377,1509,1520,1522,1730,1835,
1078,1431,1491,1707,1757,1833,
1086,1199,1390,1399,1621,1800,
2030,2172,2237,2308,2339,2381,2492,2654,
1849,1793,
1471,1351,
2504,2040,
1971,1953,
107,2814,3173,
18202.906760 out of 88234 edges not compressed

Time taken=8.830543
