## comp=100%:color=1
## comp=0%: color=2
## comp<50%:color=3
## comp>50%:color=4


Vertex		Compression Color

0		4
1		3
2		4
3		4
4		4
5		4
6		4
7		3
8		3
9		4
10		3
11		2
12		2
13		4
14		4
15		2
16		4
17		3
18		2
19		3
20		4
21		3
22		3
23		4
24		4
25		4
26		4
27		3
28		4
29		4
30		4
31		4
32		3
33		2
34		3
35		2
36		2
37		2
38		4
39		4
40		4
41		4
42		2
43		2
44		3
45		4
46		2
47		3
48		4
49		2
50		3
51		3
52		2
53		4
54		3
55		4
56		4
57		3
58		3
59		4
60		4
61		3
62		4
63		4
64		3
65		4
66		4
67		4
68		2
69		4
70		3
71		3
72		4
73		3
74		2
75		4
76		4
77		3
78		4
79		4
80		4
81		4
82		4
83		3
84		4
85		4
86		2
87		3
88		4
89		4
90		2
91		3
92		4
93		3
94		4
95		4
96		4
97		3
98		4
99		2
100		4
101		4
102		2
103		4
104		4
105		3
106		3
107		3
108		3
109		4
110		3
111		3
112		3
113		4
114		2
115		4
116		4
117		3
118		4
119		4
120		3
121		4
122		4
123		4
124		3
125		3
126		3
127		3
128		4
129		3
130		3
131		2
132		3
133		4
134		4
135		2
136		4
137		3
138		3
139		2
140		4
141		4
142		4
143		2
144		4
145		2
146		3
147		4
148		4
149		4
150		3
151		3
152		4
153		2
154		3
155		3
156		4
157		4
158		4
159		3
160		3
161		4
162		4
163		3
164		3
165		4
166		3
167		3
168		3
169		4
170		4
171		3
172		3
173		3
174		3
175		3
176		4
177		2
178		3
179		2
180		4
181		4
182		2
183		2
184		3
185		4
186		4
187		4
188		4
189		3
190		3
191		4
192		3
193		3
194		4
195		4
196		4
197		3
198		3
199		4
200		4
201		3
202		3
203		4
204		4
205		2
206		4
207		4
208		3
209		2
210		2
211		4
212		4
213		4
214		4
215		2
216		2
217		3
218		4
219		4
220		3
221		4
222		4
223		4
224		4
225		2
226		4
227		3
228		3
229		3
230		3
231		4
232		4
233		2
234		3
235		4
236		4
237		3
238		4
239		4
240		3
241		2
242		4
243		3
244		2
245		3
246		3
247		2
248		4
249		4
250		4
251		3
252		4
253		3
254		4
255		2
256		2
257		4
258		3
259		3
260		4
261		4
262		3
263		2
264		3
265		4
266		4
267		2
268		4
269		2
270		3
271		4
272		4
273		4
274		3
275		4
276		4
277		4
278		2
279		2
280		4
281		3
282		2
283		3
284		3
285		4
286		2
287		2
288		4
289		3
290		4
291		4
292		2
293		3
294		3
295		3
296		2
297		4
298		3
299		4
300		4
301		3
302		4
303		4
304		4
305		3
306		4
307		3
308		3
309		2
310		3
311		4
312		4
313		4
314		4
315		4
316		3
317		4
318		4
319		4
320		3
321		2
322		4
323		4
324		4
325		4
326		4
327		4
328		4
329		3
330		4
331		4
332		4
333		4
334		4
335		2
336		3
337		2
338		3
339		3
340		3
341		4
342		4
343		4
344		4
345		4
346		4
347		3
348		3
349		3
350		3
351		4
352		3
353		3
354		3
355		3
356		2
357		2
358		2
359		3
360		3
361		3
362		3
363		3
364		4
365		3
366		3
367		3
368		3
369		3
370		3
371		3
372		3
373		3
374		3
375		3
376		3
377		2
378		3
379		3
380		2
381		2
382		3
383		2
384		2
385		3
386		4
387		3
388		3
389		3
390		3
391		3
392		3
393		4
394		3
395		3
396		3
397		3
398		3
399		4
400		3
401		3
402		3
403		3
404		3
405		3
406		3
407		3
408		3
409		3
410		3
411		3
412		3
413		3
414		3
415		3
416		3
417		3
418		3
419		3
420		3
421		3
422		3
423		3
424		2
425		3
426		3
427		3
428		3
429		2
430		3
431		3
432		3
433		2
434		3
435		3
436		3
437		3
438		3
439		3
440		3
441		4
442		3
443		3
444		3
445		3
446		3
447		2
448		3
449		3
450		3
451		3
452		3
453		3
454		3
455		3
456		3
457		2
458		3
459		2
460		3
461		3
462		3
463		3
464		3
465		3
466		2
467		3
468		3
469		3
470		3
471		3
472		3
473		3
474		3
475		3
476		4
477		2
478		3
479		3
480		2
481		3
482		3
483		3
484		3
485		2
486		2
487		3
488		3
489		3
490		3
491		3
492		3
493		3
494		3
495		3
496		3
497		3
498		3
499		3
500		3
501		4
502		3
503		3
504		3
505		2
506		3
507		3
508		3
509		2
510		3
511		3
512		3
513		3
514		3
515		3
516		2
517		3
518		2
519		3
520		3
521		3
522		2
523		3
524		3
525		3
526		3
527		3
528		3
529		3
530		2
531		3
532		4
533		3
534		3
535		3
536		3
537		3
538		3
539		3
540		3
541		3
542		3
543		3
544		3
545		3
546		3
547		3
548		3
549		3
550		2
551		2
552		2
553		3
554		2
555		3
556		3
557		3
558		3
559		3
560		3
561		3
562		2
563		3
564		4
565		3
566		3
567		3
568		2
569		3
570		3
571		2
572		3
573		3
574		3
575		3
576		4
577		4
578		4
579		3
580		3
581		2
582		4
583		4
584		3
585		2
586		2
587		3
588		3
589		3
590		3
591		3
592		3
593		3
594		2
595		4
596		3
597		3
598		3
599		4
600		4
601		3
602		2
603		3
604		3
605		3
606		3
607		2
608		2
609		3
610		3
611		3
612		3
613		2
614		3
615		4
616		3
617		3
618		3
619		3
620		3
621		3
622		3
623		3
624		2
625		3
626		3
627		4
628		4
629		3
630		3
631		2
632		4
633		3
634		3
635		4
636		3
637		3
638		2
639		3
640		4
641		3
642		2
643		4
644		3
645		3
646		3
647		4
648		2
649		3
650		4
651		3
652		2
653		3
654		3
655		3
656		2
657		3
658		4
659		4
660		2
661		4
662		4
663		3
664		3
665		4
666		3
667		2
668		2
669		3
670		4
671		2
672		3
673		2
674		2
675		4
676		3
677		3
678		3
679		2
680		3
681		4
682		3
683		3
684		3
685		3
686		3
687		3
688		4
689		2
690		4
691		3
692		2
693		4
694		4
695		4
696		4
697		4
698		3
699		3
700		4
701		3
702		2
703		3
704		4
705		3
706		4
707		3
708		4
709		4
710		3
711		4
712		3
713		3
714		2
715		4
716		3
717		3
718		3
719		4
720		3
721		4
722		4
723		4
724		4
725		2
726		4
727		4
728		3
729		4
730		2
731		4
732		3
733		3
734		3
735		4
736		3
737		4
738		3
739		3
740		3
741		4
742		3
743		3
744		3
745		3
746		3
747		3
748		3
749		2
750		3
751		4
752		4
753		4
754		4
755		3
756		4
757		3
758		3
759		3
760		4
761		4
762		4
763		3
764		3
765		3
766		4
767		2
768		3
769		3
770		3
771		3
772		4
773		4
774		4
775		2
776		3
777		3
778		4
779		3
780		4
781		3
782		3
783		3
784		3
785		2
786		3
787		3
788		3
789		3
790		3
791		2
792		3
793		3
794		3
795		3
796		2
797		3
798		4
799		3
800		4
801		2
802		2
803		3
804		3
805		3
806		3
807		3
808		3
809		3
810		4
811		3
812		4
813		3
814		3
815		4
816		3
817		3
818		3
819		4
820		3
821		3
822		3
823		4
824		4
825		3
826		4
827		3
828		3
829		4
830		4
831		3
832		2
833		3
834		4
835		4
836		3
837		4
838		4
839		2
840		4
841		2
842		4
843		3
844		4
845		4
846		3
847		4
848		4
849		3
850		3
851		4
852		3
853		4
854		4
855		3
856		3
857		3
858		3
859		1
860		1
861		4
862		3
863		4
864		3
865		3
866		3
867		4
868		3
869		3
870		3
871		3
872		4
873		4
874		4
875		1
876		4
877		4
878		4
879		3
880		4
881		3
882		4
883		1
884		3
885		3
886		4
887		4
888		4
889		4
890		3
891		1
892		1
893		3
894		3
895		3
896		3
897		3
898		4
899		3
900		3
901		4
902		3
903		4
904		3
905		3
906		3
907		3
908		3
909		3
910		3
911		1
912		3
913		3
914		3
915		3
916		3
917		3
918		1
919		4
920		3
921		3
922		3
923		3
924		3
925		3
926		3
927		3
928		3
929		3
930		3
931		3
932		3
933		3
934		3
935		3
936		3
937		3
938		4
939		3
940		3
941		3
942		3
943		3
944		3
945		3
946		3
947		3
948		3
949		3
950		3
951		3
952		3
953		3
954		4
955		3
956		4
957		3
958		4
959		3
960		3
961		3
962		3
963		4
964		3
965		3
966		3
967		3
968		3
969		4
970		3
971		3
972		3
973		3
974		3
975		3
976		3
977		3
978		3
979		4
980		3
981		3
982		4
983		4
984		4
985		3
986		3
987		3
988		3
989		3
990		3
991		3
992		4
993		3
994		3
995		3
996		3
997		3
998		3
999		3
1000		3
1001		3
1002		3
1003		3
1004		3
1005		3
1006		3
1007		3
1008		3
1009		3
1010		3
1011		3
1012		3
1013		3
1014		3
1015		3
1016		4
1017		3
1018		4
1019		3
1020		4
1021		3
1022		3
1023		3
1024		3
1025		3
1026		3
1027		3
1028		3
1029		3
1030		3
1031		3
1032		3
1033		3
1034		3
1035		3
1036		3
1037		3
1038		3
1039		3
1040		4
1041		3
1042		3
1043		3
1044		3
1045		3
1046		3
1047		3
1048		3
1049		3
1050		3
1051		3
1052		3
1053		3
1054		3
1055		3
1056		3
1057		3
1058		3
1059		3
1060		3
1061		3
1062		3
1063		3
1064		3
1065		3
1066		3
1067		3
1068		3
1069		3
1070		3
1071		3
1072		3
1073		3
1074		3
1075		3
1076		3
1077		3
1078		3
1079		3
1080		3
1081		4
1082		3
1083		3
1084		3
1085		3
1086		3
1087		3
1088		3
1089		3
1090		3
1091		4
1092		3
1093		3
1094		3
1095		3
1096		1
1097		4
1098		3
1099		4
1100		3
1101		3
1102		4
1103		3
1104		3
1105		3
1106		3
1107		3
1108		4
1109		3
1110		3
1111		3
1112		3
1113		3
1114		3
1115		3
1116		3
1117		3
1118		4
1119		1
1120		3
1121		3
1122		3
1123		3
1124		3
1125		3
1126		3
1127		3
1128		3
1129		3
1130		3
1131		3
1132		3
1133		3
1134		3
1135		3
1136		3
1137		4
1138		3
1139		3
1140		3
1141		3
1142		3
1143		3
1144		3
1145		1
1146		3
1147		4
1148		3
1149		3
1150		3
1151		3
1152		3
1153		3
1154		3
1155		3
1156		3
1157		3
1158		3
1159		3
1160		3
1161		3
1162		3
1163		3
1164		3
1165		3
1166		4
1167		3
1168		3
1169		3
1170		3
1171		3
1172		3
1173		3
1174		3
1175		3
1176		3
1177		3
1178		3
1179		3
1180		3
1181		3
1182		3
1183		3
1184		3
1185		3
1186		4
1187		3
1188		3
1189		3
1190		3
1191		3
1192		3
1193		3
1194		3
1195		3
1196		3
1197		3
1198		3
1199		3
1200		3
1201		3
1202		3
1203		3
1204		3
1205		3
1206		1
1207		4
1208		3
1209		3
1210		3
1211		3
1212		3
1213		3
1214		3
1215		3
1216		4
1217		3
1218		3
1219		3
1220		3
1221		3
1222		3
1223		3
1224		3
1225		3
1226		3
1227		3
1228		3
1229		3
1230		3
1231		3
1232		4
1233		3
1234		3
1235		3
1236		3
1237		3
1238		3
1239		3
1240		3
1241		3
1242		3
1243		3
1244		3
1245		4
1246		3
1247		3
1248		3
1249		3
1250		3
1251		3
1252		3
1253		3
1254		3
1255		3
1256		3
1257		3
1258		3
1259		3
1260		3
1261		3
1262		1
1263		3
1264		3
1265		3
1266		3
1267		3
1268		3
1269		3
1270		3
1271		3
1272		3
1273		3
1274		3
1275		3
1276		3
1277		3
1278		3
1279		3
1280		3
1281		4
1282		4
1283		3
1284		3
1285		4
1286		4
1287		3
1288		3
1289		3
1290		3
1291		3
1292		3
1293		3
1294		3
1295		3
1296		3
1297		3
1298		3
1299		3
1300		3
1301		3
1302		3
1303		4
1304		3
1305		3
1306		3
1307		3
1308		3
1309		4
1310		3
1311		3
1312		3
1313		3
1314		4
1315		3
1316		4
1317		3
1318		3
1319		4
1320		3
1321		3
1322		3
1323		3
1324		4
1325		3
1326		3
1327		3
1328		3
1329		3
1330		3
1331		3
1332		3
1333		4
1334		3
1335		3
1336		4
1337		3
1338		3
1339		3
1340		3
1341		3
1342		3
1343		3
1344		3
1345		3
1346		3
1347		3
1348		3
1349		3
1350		3
1351		4
1352		3
1353		3
1354		3
1355		3
1356		3
1357		3
1358		3
1359		3
1360		3
1361		3
1362		3
1363		4
1364		3
1365		3
1366		3
1367		3
1368		3
1369		3
1370		3
1371		4
1372		3
1373		3
1374		3
1375		3
1376		3
1377		3
1378		4
1379		3
1380		4
1381		4
1382		4
1383		3
1384		3
1385		3
1386		1
1387		3
1388		3
1389		3
1390		3
1391		3
1392		3
1393		3
1394		3
1395		3
1396		4
1397		3
1398		3
1399		3
1400		3
1401		3
1402		3
1403		4
1404		3
1405		3
1406		4
1407		3
1408		3
1409		3
1410		3
1411		3
1412		3
1413		3
1414		3
1415		3
1416		3
1417		4
1418		3
1419		3
1420		3
1421		3
1422		3
1423		3
1424		4
1425		3
1426		3
1427		3
1428		3
1429		3
1430		3
1431		3
1432		3
1433		3
1434		3
1435		3
1436		3
1437		3
1438		3
1439		4
1440		3
1441		3
1442		3
1443		3
1444		3
1445		3
1446		3
1447		3
1448		3
1449		3
1450		3
1451		4
1452		4
1453		3
1454		4
1455		3
1456		3
1457		4
1458		3
1459		3
1460		3
1461		3
1462		3
1463		4
1464		3
1465		4
1466		1
1467		3
1468		4
1469		3
1470		3
1471		3
1472		3
1473		3
1474		3
1475		3
1476		3
1477		3
1478		3
1479		3
1480		3
1481		3
1482		3
1483		3
1484		3
1485		3
1486		3
1487		3
1488		3
1489		3
1490		3
1491		3
1492		3
1493		4
1494		3
1495		4
1496		3
1497		3
1498		3
1499		3
1500		3
1501		3
1502		3
1503		3
1504		3
1505		3
1506		3
1507		3
1508		4
1509		3
1510		3
1511		3
1512		3
1513		3
1514		3
1515		3
1516		3
1517		3
1518		3
1519		3
1520		3
1521		3
1522		3
1523		3
1524		3
1525		3
1526		3
1527		3
1528		3
1529		3
1530		3
1531		3
1532		3
1533		4
1534		3
1535		3
1536		3
1537		3
1538		3
1539		3
1540		3
1541		3
1542		4
1543		3
1544		3
1545		3
1546		4
1547		3
1548		4
1549		3
1550		3
1551		3
1552		3
1553		3
1554		3
1555		3
1556		4
1557		3
1558		3
1559		3
1560		1
1561		3
1562		3
1563		3
1564		3
1565		3
1566		3
1567		3
1568		4
1569		3
1570		3
1571		3
1572		3
1573		3
1574		3
1575		3
1576		3
1577		3
1578		3
1579		3
1580		3
1581		1
1582		4
1583		3
1584		3
1585		3
1586		3
1587		3
1588		3
1589		3
1590		3
1591		3
1592		3
1593		3
1594		3
1595		4
1596		3
1597		3
1598		3
1599		3
1600		3
1601		4
1602		3
1603		3
1604		3
1605		3
1606		3
1607		3
1608		3
1609		3
1610		3
1611		3
1612		3
1613		3
1614		3
1615		3
1616		3
1617		3
1618		3
1619		3
1620		3
1621		3
1622		3
1623		3
1624		3
1625		3
1626		3
1627		3
1628		3
1629		4
1630		3
1631		3
1632		3
1633		3
1634		3
1635		3
1636		3
1637		3
1638		4
1639		3
1640		3
1641		3
1642		3
1643		3
1644		3
1645		3
1646		3
1647		3
1648		4
1649		3
1650		3
1651		4
1652		3
1653		3
1654		3
1655		3
1656		3
1657		3
1658		3
1659		3
1660		3
1661		3
1662		3
1663		3
1664		3
1665		3
1666		3
1667		3
1668		3
1669		3
1670		3
1671		3
1672		3
1673		3
1674		3
1675		3
1676		3
1677		3
1678		3
1679		3
1680		3
1681		3
1682		3
1683		3
1684		3
1685		3
1686		3
1687		3
1688		3
1689		3
1690		1
1691		3
1692		3
1693		3
1694		3
1695		3
1696		3
1697		3
1698		3
1699		3
1700		3
1701		3
1702		3
1703		3
1704		3
1705		3
1706		3
1707		3
1708		3
1709		3
1710		3
1711		3
1712		3
1713		3
1714		3
1715		3
1716		3
1717		3
1718		3
1719		3
1720		3
1721		3
1722		3
1723		3
1724		3
1725		3
1726		3
1727		3
1728		3
1729		3
1730		3
1731		3
1732		4
1733		4
1734		3
1735		3
1736		3
1737		3
1738		3
1739		3
1740		3
1741		3
1742		3
1743		3
1744		3
1745		3
1746		3
1747		4
1748		3
1749		3
1750		3
1751		4
1752		3
1753		3
1754		3
1755		1
1756		3
1757		3
1758		3
1759		3
1760		3
1761		3
1762		3
1763		3
1764		3
1765		3
1766		3
1767		3
1768		3
1769		3
1770		3
1771		3
1772		3
1773		3
1774		3
1775		3
1776		3
1777		3
1778		3
1779		3
1780		3
1781		3
1782		3
1783		3
1784		4
1785		3
1786		3
1787		4
1788		3
1789		3
1790		3
1791		3
1792		3
1793		3
1794		3
1795		3
1796		3
1797		3
1798		4
1799		3
1800		3
1801		3
1802		4
1803		3
1804		3
1805		3
1806		3
1807		3
1808		3
1809		3
1810		3
1811		3
1812		4
1813		3
1814		3
1815		3
1816		3
1817		3
1818		3
1819		3
1820		3
1821		3
1822		3
1823		3
1824		4
1825		3
1826		3
1827		3
1828		3
1829		3
1830		3
1831		3
1832		4
1833		3
1834		1
1835		3
1836		3
1837		4
1838		3
1839		3
1840		3
1841		3
1842		3
1843		3
1844		3
1845		3
1846		3
1847		3
1848		4
1849		3
1850		3
1851		3
1852		3
1853		3
1854		3
1855		3
1856		3
1857		3
1858		3
1859		3
1860		3
1861		3
1862		3
1863		3
1864		3
1865		3
1866		3
1867		3
1868		3
1869		3
1870		3
1871		3
1872		3
1873		3
1874		3
1875		3
1876		3
1877		3
1878		3
1879		3
1880		4
1881		3
1882		3
1883		3
1884		3
1885		3
1886		3
1887		3
1888		3
1889		4
1890		3
1891		3
1892		4
1893		3
1894		3
1895		4
1896		3
1897		3
1898		3
1899		3
1900		3
1901		3
1902		3
1903		3
1904		3
1905		3
1906		3
1907		4
1908		3
1909		3
1910		3
1911		3
1912		3
1913		3
1914		4
1915		2
1916		4
1917		4
1918		4
1919		3
1920		4
1921		3
1922		3
1923		3
1924		2
1925		4
1926		3
1927		4
1928		4
1929		4
1930		3
1931		4
1932		4
1933		3
1934		3
1935		3
1936		3
1937		2
1938		4
1939		4
1940		4
1941		4
1942		3
1943		4
1944		3
1945		3
1946		4
1947		4
1948		4
1949		2
1950		4
1951		3
1952		3
1953		4
1954		4
1955		4
1956		4
1957		4
1958		4
1959		4
1960		3
1961		3
1962		4
1963		4
1964		3
1965		3
1966		4
1967		2
1968		4
1969		3
1970		3
1971		4
1972		3
1973		3
1974		3
1975		3
1976		4
1977		3
1978		3
1979		4
1980		3
1981		3
1982		3
1983		4
1984		4
1985		4
1986		4
1987		3
1988		3
1989		4
1990		3
1991		4
1992		4
1993		4
1994		4
1995		3
1996		2
1997		4
1998		3
1999		4
2000		4
2001		4
2002		4
2003		3
2004		4
2005		4
2006		3
2007		3
2008		2
2009		3
2010		4
2011		4
2012		4
2013		3
2014		4
2015		2
2016		4
2017		2
2018		3
2019		3
2020		4
2021		4
2022		3
2023		3
2024		4
2025		3
2026		4
2027		4
2028		4
2029		3
2030		4
2031		3
2032		4
2033		4
2034		3
2035		3
2036		3
2037		4
2038		3
2039		4
2040		4
2041		3
2042		4
2043		4
2044		3
2045		4
2046		4
2047		3
2048		3
2049		3
2050		4
2051		2
2052		4
2053		4
2054		3
2055		4
2056		4
2057		4
2058		4
2059		4
2060		4
2061		3
2062		4
2063		4
2064		4
2065		4
2066		3
2067		3
2068		3
2069		4
2070		3
2071		4
2072		4
2073		4
2074		4
2075		3
2076		4
2077		4
2078		4
2079		2
2080		3
2081		3
2082		3
2083		4
2084		4
2085		3
2086		4
2087		3
2088		4
2089		3
2090		4
2091		3
2092		4
2093		4
2094		4
2095		4
2096		3
2097		4
2098		4
2099		3
2100		2
2101		4
2102		4
2103		4
2104		4
2105		3
2106		2
2107		3
2108		4
2109		4
2110		3
2111		3
2112		4
2113		2
2114		3
2115		4
2116		3
2117		3
2118		4
2119		3
2120		3
2121		4
2122		4
2123		4
2124		4
2125		4
2126		3
2127		4
2128		3
2129		3
2130		3
2131		4
2132		4
2133		3
2134		4
2135		4
2136		4
2137		4
2138		4
2139		4
2140		4
2141		3
2142		4
2143		4
2144		4
2145		3
2146		3
2147		4
2148		4
2149		4
2150		4
2151		4
2152		3
2153		4
2154		4
2155		3
2156		3
2157		4
2158		3
2159		4
2160		3
2161		3
2162		3
2163		4
2164		4
2165		4
2166		3
2167		4
2168		3
2169		4
2170		3
2171		3
2172		4
2173		3
2174		4
2175		3
2176		3
2177		4
2178		2
2179		4
2180		4
2181		3
2182		2
2183		4
2184		4
2185		3
2186		3
2187		4
2188		4
2189		4
2190		4
2191		4
2192		4
2193		3
2194		4
2195		2
2196		4
2197		3
2198		4
2199		3
2200		4
2201		4
2202		4
2203		4
2204		2
2205		3
2206		4
2207		4
2208		4
2209		3
2210		4
2211		3
2212		4
2213		4
2214		3
2215		4
2216		4
2217		2
2218		4
2219		3
2220		4
2221		3
2222		3
2223		4
2224		4
2225		4
2226		3
2227		3
2228		3
2229		4
2230		3
2231		3
2232		3
2233		4
2234		3
2235		3
2236		3
2237		4
2238		3
2239		3
2240		4
2241		4
2242		3
2243		3
2244		4
2245		4
2246		4
2247		3
2248		3
2249		4
2250		4
2251		2
2252		4
2253		4
2254		4
2255		4
2256		3
2257		4
2258		4
2259		3
2260		3
2261		4
2262		3
2263		2
2264		3
2265		3
2266		4
2267		4
2268		4
2269		2
2270		3
2271		4
2272		3
2273		4
2274		4
2275		4
2276		4
2277		3
2278		4
2279		4
2280		4
2281		4
2282		3
2283		3
2284		3
2285		4
2286		3
2287		4
2288		3
2289		3
2290		4
2291		3
2292		4
2293		4
2294		4
2295		4
2296		3
2297		4
2298		3
2299		4
2300		4
2301		3
2302		4
2303		4
2304		3
2305		3
2306		4
2307		4
2308		4
2309		4
2310		3
2311		4
2312		3
2313		3
2314		3
2315		4
2316		3
2317		3
2318		3
2319		4
2320		3
2321		2
2322		3
2323		4
2324		4
2325		3
2326		4
2327		4
2328		4
2329		4
2330		4
2331		4
2332		4
2333		3
2334		4
2335		3
2336		3
2337		4
2338		4
2339		4
2340		4
2341		3
2342		3
2343		4
2344		4
2345		3
2346		4
2347		4
2348		4
2349		3
2350		4
2351		4
2352		4
2353		4
2354		4
2355		3
2356		4
2357		3
2358		3
2359		4
2360		3
2361		3
2362		3
2363		4
2364		3
2365		4
2366		3
2367		3
2368		4
2369		4
2370		4
2371		3
2372		4
2373		3
2374		4
2375		2
2376		4
2377		4
2378		3
2379		3
2380		2
2381		4
2382		2
2383		4
2384		3
2385		4
2386		4
2387		4
2388		3
2389		3
2390		3
2391		4
2392		4
2393		3
2394		4
2395		4
2396		3
2397		3
2398		4
2399		4
2400		3
2401		4
2402		3
2403		3
2404		4
2405		3
2406		3
2407		4
2408		4
2409		4
2410		4
2411		3
2412		3
2413		3
2414		4
2415		3
2416		3
2417		4
2418		4
2419		3
2420		4
2421		3
2422		2
2423		4
2424		2
2425		3
2426		4
2427		4
2428		4
2429		4
2430		4
2431		2
2432		3
2433		4
2434		4
2435		4
2436		4
2437		3
2438		3
2439		2
2440		3
2441		2
2442		3
2443		3
2444		4
2445		4
2446		4
2447		3
2448		3
2449		4
2450		2
2451		4
2452		3
2453		3
2454		3
2455		3
2456		3
2457		2
2458		4
2459		4
2460		4
2461		4
2462		4
2463		4
2464		4
2465		4
2466		3
2467		4
2468		4
2469		4
2470		2
2471		4
2472		4
2473		3
2474		3
2475		4
2476		4
2477		4
2478		4
2479		4
2480		3
2481		2
2482		4
2483		2
2484		4
2485		4
2486		3
2487		4
2488		3
2489		4
2490		4
2491		4
2492		4
2493		3
2494		4
2495		4
2496		4
2497		3
2498		4
2499		4
2500		4
2501		3
2502		3
2503		3
2504		4
2505		2
2506		4
2507		4
2508		4
2509		4
2510		4
2511		4
2512		4
2513		4
2514		3
2515		3
2516		4
2517		3
2518		3
2519		4
2520		4
2521		4
2522		3
2523		3
2524		4
2525		3
2526		4
2527		2
2528		2
2529		3
2530		3
2531		3
2532		4
2533		4
2534		3
2535		4
2536		4
2537		3
2538		3
2539		4
2540		3
2541		2
2542		4
2543		4
2544		3
2545		3
2546		4
2547		4
2548		2
2549		4
2550		4
2551		4
2552		4
2553		4
2554		4
2555		3
2556		4
2557		3
2558		2
2559		4
2560		4
2561		4
2562		3
2563		4
2564		4
2565		2
2566		3
2567		4
2568		3
2569		2
2570		3
2571		3
2572		3
2573		4
2574		4
2575		4
2576		4
2577		3
2578		4
2579		4
2580		3
2581		3
2582		4
2583		4
2584		3
2585		4
2586		4
2587		3
2588		4
2589		4
2590		4
2591		4
2592		4
2593		4
2594		3
2595		2
2596		2
2597		4
2598		3
2599		3
2600		4
2601		4
2602		4
2603		3
2604		4
2605		3
2606		4
2607		4
2608		4
2609		4
2610		3
2611		4
2612		3
2613		4
2614		3
2615		4
2616		4
2617		4
2618		3
2619		4
2620		4
2621		2
2622		4
2623		4
2624		4
2625		4
2626		3
2627		4
2628		3
2629		4
2630		4
2631		4
2632		2
2633		4
2634		2
2635		3
2636		4
2637		3
2638		4
2639		4
2640		3
2641		3
2642		3
2643		4
2644		3
2645		3
2646		4
2647		4
2648		4
2649		4
2650		3
2651		2
2652		4
2653		4
2654		4
2655		4
2656		3
2657		4
2658		3
2659		3
2660		4
2661		3
2662		3
2663		3
2664		3
2665		3
2666		3
2667		3
2668		3
2669		3
2670		4
2671		4
2672		3
2673		3
2674		3
2675		3
2676		3
2677		3
2678		3
2679		3
2680		3
2681		3
2682		3
2683		3
2684		3
2685		3
2686		3
2687		3
2688		3
2689		3
2690		3
2691		3
2692		3
2693		3
2694		3
2695		3
2696		3
2697		3
2698		3
2699		4
2700		3
2701		3
2702		3
2703		4
2704		3
2705		3
2706		3
2707		3
2708		3
2709		3
2710		3
2711		3
2712		3
2713		3
2714		3
2715		3
2716		3
2717		3
2718		3
2719		3
2720		3
2721		4
2722		3
2723		3
2724		3
2725		3
2726		3
2727		3
2728		3
2729		3
2730		3
2731		3
2732		4
2733		3
2734		3
2735		3
2736		3
2737		3
2738		3
2739		3
2740		3
2741		3
2742		3
2743		3
2744		3
2745		3
2746		3
2747		3
2748		3
2749		3
2750		3
2751		3
2752		3
2753		3
2754		3
2755		3
2756		3
2757		3
2758		3
2759		3
2760		3
2761		3
2762		3
2763		3
2764		3
2765		3
2766		3
2767		4
2768		3
2769		3
2770		3
2771		3
2772		3
2773		3
2774		3
2775		3
2776		3
2777		3
2778		3
2779		3
2780		3
2781		3
2782		3
2783		3
2784		3
2785		3
2786		3
2787		3
2788		1
2789		3
2790		3
2791		3
2792		3
2793		3
2794		3
2795		3
2796		3
2797		3
2798		3
2799		4
2800		3
2801		3
2802		3
2803		3
2804		3
2805		3
2806		3
2807		3
2808		3
2809		3
2810		3
2811		3
2812		3
2813		3
2814		3
2815		3
2816		3
2817		3
2818		3
2819		3
2820		3
2821		3
2822		3
2823		3
2824		4
2825		3
2826		3
2827		3
2828		3
2829		3
2830		3
2831		3
2832		3
2833		3
2834		4
2835		3
2836		3
2837		3
2838		3
2839		3
2840		3
2841		3
2842		1
2843		3
2844		3
2845		3
2846		3
2847		3
2848		3
2849		3
2850		3
2851		3
2852		4
2853		3
2854		3
2855		3
2856		3
2857		1
2858		3
2859		3
2860		3
2861		4
2862		3
2863		3
2864		3
2865		3
2866		3
2867		3
2868		3
2869		3
2870		3
2871		3
2872		3
2873		3
2874		3
2875		3
2876		3
2877		3
2878		3
2879		4
2880		3
2881		3
2882		3
2883		3
2884		3
2885		3
2886		3
2887		3
2888		3
2889		4
2890		3
2891		3
2892		3
2893		3
2894		3
2895		3
2896		3
2897		3
2898		3
2899		3
2900		3
2901		3
2902		1
2903		3
2904		3
2905		3
2906		3
2907		3
2908		3
2909		3
2910		3
2911		3
2912		3
2913		3
2914		3
2915		3
2916		3
2917		3
2918		3
2919		3
2920		3
2921		3
2922		3
2923		3
2924		3
2925		3
2926		3
2927		3
2928		3
2929		3
2930		4
2931		3
2932		3
2933		3
2934		3
2935		3
2936		3
2937		3
2938		3
2939		3
2940		3
2941		3
2942		3
2943		3
2944		3
2945		3
2946		3
2947		3
2948		3
2949		3
2950		3
2951		3
2952		3
2953		3
2954		3
2955		3
2956		3
2957		3
2958		3
2959		4
2960		3
2961		3
2962		3
2963		3
2964		3
2965		3
2966		3
2967		3
2968		3
2969		3
2970		3
2971		3
2972		4
2973		3
2974		3
2975		3
2976		3
2977		3
2978		3
2979		3
2980		3
2981		3
2982		4
2983		3
2984		3
2985		3
2986		3
2987		3
2988		3
2989		3
2990		3
2991		3
2992		3
2993		3
2994		3
2995		3
2996		3
2997		3
2998		3
2999		3
3000		3
3001		3
3002		3
3003		3
3004		3
3005		3
3006		3
3007		3
3008		4
3009		3
3010		3
3011		3
3012		3
3013		3
3014		3
3015		3
3016		3
3017		3
3018		3
3019		3
3020		3
3021		3
3022		3
3023		3
3024		3
3025		3
3026		3
3027		3
3028		3
3029		3
3030		3
3031		1
3032		3
3033		3
3034		3
3035		3
3036		3
3037		3
3038		3
3039		3
3040		3
3041		3
3042		3
3043		3
3044		3
3045		3
3046		3
3047		3
3048		3
3049		3
3050		3
3051		3
3052		3
3053		3
3054		3
3055		3
3056		3
3057		3
3058		3
3059		3
3060		3
3061		3
3062		3
3063		3
3064		3
3065		3
3066		3
3067		3
3068		3
3069		3
3070		3
3071		1
3072		3
3073		3
3074		3
3075		3
3076		3
3077		3
3078		3
3079		3
3080		3
3081		3
3082		3
3083		3
3084		3
3085		3
3086		3
3087		3
3088		3
3089		3
3090		3
3091		4
3092		3
3093		3
3094		3
3095		3
3096		3
3097		3
3098		3
3099		3
3100		3
3101		3
3102		3
3103		3
3104		3
3105		4
3106		3
3107		3
3108		3
3109		3
3110		3
3111		3
3112		3
3113		3
3114		3
3115		3
3116		3
3117		3
3118		3
3119		3
3120		3
3121		3
3122		4
3123		3
3124		3
3125		3
3126		4
3127		3
3128		3
3129		3
3130		3
3131		4
3132		3
3133		3
3134		3
3135		3
3136		3
3137		3
3138		3
3139		3
3140		3
3141		4
3142		3
3143		3
3144		3
3145		3
3146		3
3147		3
3148		3
3149		3
3150		3
3151		3
3152		3
3153		3
3154		3
3155		3
3156		3
3157		3
3158		3
3159		3
3160		3
3161		3
3162		3
3163		3
3164		3
3165		3
3166		3
3167		3
3168		3
3169		3
3170		3
3171		3
3172		3
3173		3
3174		3
3175		3
3176		3
3177		3
3178		3
3179		3
3180		4
3181		4
3182		3
3183		1
3184		3
3185		3
3186		3
3187		3
3188		3
3189		3
3190		3
3191		3
3192		3
3193		3
3194		3
3195		3
3196		3
3197		3
3198		3
3199		3
3200		3
3201		3
3202		4
3203		3
3204		3
3205		3
3206		3
3207		3
3208		3
3209		3
3210		3
3211		3
3212		3
3213		3
3214		3
3215		3
3216		3
3217		3
3218		4
3219		3
3220		3
3221		3
3222		3
3223		3
3224		3
3225		3
3226		3
3227		3
3228		3
3229		3
3230		1
3231		3
3232		3
3233		3
3234		3
3235		3
3236		3
3237		3
3238		3
3239		3
3240		3
3241		3
3242		3
3243		3
3244		3
3245		3
3246		3
3247		3
3248		3
3249		3
3250		3
3251		4
3252		3
3253		3
3254		3
3255		3
3256		3
3257		3
3258		3
3259		3
3260		3
3261		3
3262		3
3263		3
3264		3
3265		3
3266		3
3267		3
3268		3
3269		3
3270		3
3271		3
3272		3
3273		3
3274		3
3275		3
3276		3
3277		3
3278		3
3279		3
3280		3
3281		3
3282		3
3283		4
3284		3
3285		3
3286		3
3287		3
3288		3
3289		3
3290		3
3291		3
3292		3
3293		3
3294		3
3295		3
3296		3
3297		3
3298		3
3299		3
3300		3
3301		3
3302		3
3303		3
3304		3
3305		3
3306		3
3307		3
3308		3
3309		4
3310		3
3311		4
3312		3
3313		3
3314		4
3315		3
3316		3
3317		3
3318		4
3319		3
3320		3
3321		3
3322		4
3323		3
3324		3
3325		4
3326		3
3327		3
3328		3
3329		3
3330		3
3331		3
3332		3
3333		3
3334		3
3335		3
3336		4
3337		3
3338		3
3339		3
3340		3
3341		3
3342		3
3343		3
3344		3
3345		3
3346		3
3347		3
3348		3
3349		3
3350		3
3351		3
3352		3
3353		3
3354		4
3355		3
3356		3
3357		3
3358		3
3359		3
3360		3
3361		3
3362		3
3363		3
3364		3
3365		3
3366		3
3367		3
3368		3
3369		3
3370		3
3371		3
3372		1
3373		3
3374		3
3375		3
3376		3
3377		3
3378		3
3379		3
3380		3
3381		3
3382		4
3383		3
3384		3
3385		3
3386		3
3387		3
3388		3
3389		3
3390		3
3391		3
3392		3
3393		3
3394		3
3395		3
3396		3
3397		3
3398		3
3399		3
3400		3
3401		3
3402		3
3403		3
3404		3
3405		3
3406		3
3407		3
3408		1
3409		3
3410		3
3411		3
3412		3
3413		3
3414		3
3415		3
3416		3
3417		3
3418		3
3419		3
3420		3
3421		3
3422		3
3423		4
3424		3
3425		3
3426		3
3427		3
3428		3
3429		3
3430		3
3431		3
3432		3
3433		3
3434		3
3435		3
3436		3
3437		3
3438		3
3439		3
3440		3
3441		3
3442		3
3443		3
3444		3
3445		1
3446		3
3447		3
3448		3
3449		3
3450		3
3451		1
3452		3
3453		1
3454		3
3455		3
3456		3
3457		3
3458		3
3459		3
3460		3
3461		3
3462		3
3463		3
3464		3
3465		4
3466		3
3467		3
3468		3
3469		3
3470		3
3471		3
3472		3
3473		4
3474		3
3475		3
3476		4
3477		3
3478		4
3479		4
3480		3
3481		4
3482		3
3483		3
3484		3
3485		3
3486		3
3487		3
3488		3
3489		3
3490		3
3491		3
3492		3
3493		3
3494		3
3495		3
3496		3
3497		3
3498		4
3499		3
3500		4
3501		3
3502		4
3503		3
3504		3
3505		3
3506		3
3507		3
3508		3
3509		3
3510		3
3511		3
3512		3
3513		3
3514		3
3515		3
3516		4
3517		3
3518		3
3519		4
3520		3
3521		3
3522		3
3523		4
3524		3
3525		3
3526		3
3527		3
3528		3
3529		3
3530		3
3531		3
3532		3
3533		3
3534		3
3535		3
3536		3
3537		3
3538		4
3539		3
3540		3
3541		4
3542		3
3543		3
3544		3
3545		3
3546		3
3547		3
3548		3
3549		3
3550		3
3551		3
3552		3
3553		3
3554		3
3555		3
3556		3
3557		3
3558		3
3559		3
3560		3
3561		3
3562		4
3563		3
3564		3
3565		3
3566		3
3567		4
3568		3
3569		3
3570		1
3571		4
3572		3
3573		3
3574		3
3575		3
3576		3
3577		3
3578		4
3579		4
3580		3
3581		4
3582		3
3583		3
3584		3
3585		3
3586		3
3587		4
3588		3
3589		3
3590		3
3591		3
3592		3
3593		3
3594		4
3595		4
3596		3
3597		3
3598		3
3599		3
3600		3
3601		3
3602		3
3603		3
3604		3
3605		3
3606		3
3607		3
3608		3
3609		3
3610		3
3611		3
3612		3
3613		4
3614		3
3615		3
3616		3
3617		3
3618		3
3619		3
3620		3
3621		3
3622		3
3623		3
3624		3
3625		3
3626		3
3627		3
3628		3
3629		3
3630		3
3631		3
3632		3
3633		3
3634		3
3635		3
3636		3
3637		3
3638		3
3639		4
3640		3
3641		1
3642		3
3643		3
3644		3
3645		3
3646		3
3647		3
3648		3
3649		4
3650		1
3651		3
3652		3
3653		3
3654		4
3655		4
3656		3
3657		4
3658		3
3659		3
3660		3
3661		3
3662		3
3663		3
3664		4
3665		3
3666		4
3667		3
3668		3
3669		4
3670		3
3671		3
3672		3
3673		3
3674		3
3675		4
3676		3
3677		3
3678		3
3679		3
3680		3
3681		3
3682		3
3683		3
3684		3
3685		3
3686		3
3687		4
3688		3
3689		3
3690		3
3691		3
3692		3
3693		3
3694		3
3695		4
3696		4
3697		3
3698		3
3699		3
3700		4
3701		4
3702		3
3703		3
3704		1
3705		3
3706		3
3707		3
3708		4
3709		1
3710		3
3711		3
3712		3
3713		3
3714		3
3715		4
3716		3
3717		3
3718		3
3719		3
3720		3
3721		3
3722		3
3723		3
3724		3
3725		4
3726		3
3727		3
3728		3
3729		1
3730		3
3731		3
3732		3
3733		3
3734		3
3735		4
3736		3
3737		3
3738		3
3739		4
3740		3
3741		3
3742		3
3743		4
3744		3
3745		3
3746		1
3747		4
3748		1
3749		3
3750		3
3751		3
3752		3
3753		3
3754		3
3755		3
3756		3
3757		4
3758		3
3759		4
3760		3
3761		3
3762		3
3763		3
3764		3
3765		3
3766		4
3767		3
3768		3
3769		3
3770		3
3771		3
3772		3
3773		3
3774		4
3775		3
3776		4
3777		3
3778		3
3779		3
3780		3
3781		3
3782		3
3783		4
3784		3
3785		3
3786		3
3787		3
3788		3
3789		3
3790		3
3791		4
3792		3
3793		3
3794		3
3795		3
3796		3
3797		3
3798		1
3799		3
3800		3
3801		4
3802		3
3803		3
3804		3
3805		3
3806		3
3807		3
3808		3
3809		4
3810		3
3811		3
3812		3
3813		4
3814		3
3815		4
3816		3
3817		3
3818		3
3819		4
3820		1
3821		3
3822		3
3823		3
3824		3
3825		3
3826		3
3827		3
3828		3
3829		3
3830		3
3831		3
3832		3
3833		3
3834		3
3835		3
3836		4
3837		4
3838		3
3839		3
3840		3
3841		3
3842		3
3843		3
3844		3
3845		3
3846		3
3847		3
3848		3
3849		3
3850		3
3851		3
3852		3
3853		1
3854		3
3855		3
3856		1
3857		4
3858		3
3859		3
3860		3
3861		3
3862		3
3863		3
3864		4
3865		3
3866		3
3867		3
3868		4
3869		3
3870		3
3871		4
3872		3
3873		3
3874		4
3875		3
3876		3
3877		3
3878		3
3879		3
3880		3
3881		3
3882		3
3883		4
3884		3
3885		3
3886		3
3887		3
3888		3
3889		3
3890		3
3891		3
3892		4
3893		3
3894		3
3895		3
3896		3
3897		3
3898		4
3899		4
3900		3
3901		3
3902		3
3903		3
3904		3
3905		3
3906		3
3907		3
3908		3
3909		3
3910		4
3911		4
3912		4
3913		3
3914		3
3915		3
3916		3
3917		4
3918		3
3919		4
3920		4
3921		3
3922		3
3923		3
3924		3
3925		4
3926		3
3927		3
3928		4
3929		3
3930		3
3931		3
3932		3
3933		3
3934		3
3935		1
3936		3
3937		3
3938		3
3939		3
3940		3
3941		3
3942		3
3943		3
3944		3
3945		3
3946		3
3947		3
3948		3
3949		3
3950		3
3951		3
3952		3
3953		3
3954		3
3955		3
3956		3
3957		4
3958		3
3959		3
3960		4
3961		3
3962		3
3963		3
3964		4
3965		4
3966		3
3967		4
3968		3
3969		3
3970		3
3971		3
3972		3
3973		3
3974		1
3975		4
3976		3
3977		3
3978		3
3979		3
3980		4
3981		3
3982		3
3983		2
3984		2
3985		3
3986		3
3987		2
3988		4
3989		3
3990		4
3991		2
3992		2
3993		4
3994		3
3995		3
3996		4
3997		3
3998		3
3999		4
4000		3
4001		3
4002		4
4003		4
4004		4
4005		3
4006		3
4007		4
4008		2
4009		4
4010		2
4011		2
4012		2
4013		3
4014		4
4015		2
4016		4
4017		3
4018		4
4019		3
4020		4
4021		3
4022		2
4023		4
4024		2
4025		4
4026		3
4027		4
4028		2
4029		2
4030		3
4031		4
4032		3
4033		2
4034		3
4035		2
4036		2
4037		3
4038		4
