
LSH ON 85 nodes
11,12,15,18,37,43,74,114,209,210,215,287,292,335,
12,15,18,37,43,74,114,209,210,215,287,292,335,
15,18,37,43,74,114,209,210,215,287,292,335,
18,37,43,74,114,209,210,215,287,292,335,
37,43,74,114,209,210,215,287,292,335,
43,74,114,209,210,215,287,292,335,
74,114,209,210,215,287,292,335,
114,209,210,215,287,292,335,
209,210,215,287,292,335,
210,215,287,292,335,
215,287,292,335,
287,292,335,
292,335,
358,447,550,
447,550,
585,602,607,608,613,624,638,668,674,
602,607,608,613,624,638,668,674,
607,608,613,624,638,668,674,
608,613,624,638,668,674,
613,624,638,668,674,
624,638,668,674,
638,668,674,
668,674,
692,698,801,
698,801,
875,883,891,892,
883,891,892,
891,892,
911,918,1096,1119,1145,1206,1386,1466,1560,1581,1684,1834,
918,1096,1119,1145,1206,1386,1466,1560,1581,1684,1834,
1096,1119,1145,1206,1386,1466,1560,1581,1684,1834,
1119,1145,1206,1386,1466,1560,1581,1684,1834,
1145,1206,1386,1466,1560,1581,1684,1834,
1206,1386,1466,1560,1581,1684,1834,
1386,1466,1560,1581,1684,1834,
1466,1560,1581,1684,1834,
1560,1581,1684,1834,
1581,1684,1834,
1684,1834,
2079,2195,2269,2457,2470,2569,2596,
2195,2269,2457,2470,2569,2596,
2269,2457,2470,2569,2596,
2457,2470,2569,2596,
2470,2569,2596,
2569,2596,
2842,3031,3071,3183,3230,
3031,3071,3183,3230,
3071,3183,3230,
3183,3230,
3451,3453,3570,3650,3709,3729,3748,3798,3820,3853,3856,3935,3974,
3453,3570,3650,3709,3729,3748,3798,3820,3853,3856,3935,3974,
3570,3650,3709,3729,3748,3798,3820,3853,3856,3935,3974,
3650,3709,3729,3748,3798,3820,3853,3856,3935,3974,
3709,3729,3748,3798,3820,3853,3856,3935,3974,
3729,3748,3798,3820,3853,3856,3935,3974,
3748,3798,3820,3853,3856,3935,3974,
3798,3820,3853,3856,3935,3974,
3820,3853,3856,3935,3974,
3853,3856,3935,3974,
3856,3935,3974,
3935,3974,
3984,4008,4010,4015,4022,4024,4035,
4008,4010,4015,4022,4024,4035,
4010,4015,4022,4024,4035,
4015,4022,4024,4035,
4022,4024,4035,
4024,4035,

Time taken on lsh of degree bin no.1 of 85 elements=0.001516
LSH ON 180 nodes
19,234,
23,70,280,
35,239,
49,52,90,145,205,
52,90,145,205,
58,192,
70,280,
90,145,205,
145,205,
153,241,255,
154,219,
179,256,
216,279,
233,286,
241,255,
243,260,
348,414,1233,
377,379,383,386,401,443,453,468,532,
379,383,386,401,443,453,468,532,
383,386,401,443,453,468,532,
386,401,443,453,468,532,
401,443,453,468,532,
414,1233,
443,453,468,532,
453,468,532,
468,532,
581,617,642,648,
617,642,648,
642,648,
749,750,757,770,775,833,841,848,
750,757,770,775,833,841,848,
757,770,775,833,841,848,
770,775,833,841,848,
775,833,841,848,
833,841,848,
841,848,
2382,2541,
2704,2740,
3589,3891,
3854,3879,
3922,3959,
4006,4032,

Time taken on lsh of degree bin no.2 of 180 elements=0.004256
LSH ON 1268 nodes
1,332,
4,6,8,47,49,52,64,90,97,102,120,125,145,154,157,163,166,179,182,205,206,220,229,253,262,327,
6,8,47,49,52,64,90,97,102,120,125,145,154,157,163,166,179,182,205,206,220,229,253,262,327,
8,47,49,52,64,90,97,102,120,125,145,154,157,163,166,179,182,205,206,220,229,253,262,327,
14,28,144,
20,301,343,
23,83,84,237,248,
27,51,
28,144,
29,77,132,192,307,
38,340,
44,80,115,151,214,320,337,
46,321,
47,49,52,64,90,97,102,120,125,145,154,157,163,166,179,182,205,206,220,229,253,262,327,
48,346,
49,52,64,90,97,102,120,125,145,154,157,163,166,179,182,205,206,220,229,253,262,327,
52,64,90,97,102,120,125,145,154,157,163,166,179,182,205,206,220,229,253,262,327,
54,73,88,126,299,
59,285,
61,124,155,190,
63,207,222,247,
64,90,97,102,120,125,145,154,157,163,166,179,182,205,206,220,229,253,262,327,
68,131,
73,88,126,299,
76,148,270,288,336,
77,132,192,307,
80,115,151,214,320,337,
83,84,237,248,
84,237,248,
88,126,299,
89,319,
90,97,102,120,125,145,154,157,163,166,179,182,205,206,220,229,253,262,327,
91,110,201,259,264,
93,137,243,
94,101,191,249,
95,147,219,
97,102,120,125,145,154,157,163,166,179,182,205,206,220,229,253,262,327,
99,227,
101,191,249,
102,120,125,145,154,157,163,166,179,182,205,206,220,229,253,262,327,
110,201,259,264,
112,293,
115,151,214,320,337,
120,125,145,154,157,163,166,179,182,205,206,220,229,253,262,327,
124,155,190,
125,145,154,157,163,166,179,182,205,206,220,229,253,262,327,
126,299,
129,308,
132,192,307,
137,243,
145,154,157,163,166,179,182,205,206,220,229,253,262,327,
147,219,
148,270,288,336,
150,189,217,
151,214,320,337,
152,181,275,
154,157,163,166,179,182,205,206,220,229,253,262,327,
155,190,
157,163,166,179,182,205,206,220,229,253,262,327,
163,166,179,182,205,206,220,229,253,262,327,
166,179,182,205,206,220,229,253,262,327,
174,289,
175,177,278,
177,278,
179,182,205,206,220,229,253,262,327,
181,275,
182,205,206,220,229,253,262,327,
189,217,
191,249,
192,307,
201,259,264,
205,206,220,229,253,262,327,
206,220,229,253,262,327,
207,222,247,
214,320,337,
220,229,253,262,327,
222,247,
229,253,262,327,
237,248,
250,324,
253,262,327,
259,264,
262,327,
263,296,
270,288,336,
288,336,
301,343,
320,337,
499,572,
652,673,
717,855,
749,775,
872,873,874,877,887,
873,874,877,887,
874,877,887,
877,887,
1346,1856,
2037,2499,
2066,2517,
2207,2401,
2817,3147,
2902,3372,
3126,3336,
3502,3700,3864,
3537,3875,
3700,3864,
3981,3997,
4006,4032,

Time taken on lsh of degree bin no.3 of 1268 elements=0.101654
LSH ON 2809 nodes
2,14,162,
3,66,75,79,176,341,
8,23,32,60,70,71,93,97,146,160,167,173,191,198,206,229,243,253,278,296,300,307,314,337,
10,311,
14,162,
16,27,269,
20,115,116,149,226,312,326,
22,31,168,
23,32,60,70,71,93,97,146,160,167,173,191,198,206,229,243,253,278,296,300,307,314,337,
27,269,
31,168,
32,60,70,71,93,97,146,160,167,173,191,198,206,229,243,253,278,296,300,307,314,337,
36,309,
38,129,340,347,
41,214,
46,86,131,143,177,225,
53,92,299,346,
59,265,
60,70,71,93,97,146,160,167,173,191,198,206,229,243,253,278,296,300,307,314,337,
64,100,171,189,
66,75,79,176,341,
68,263,
70,71,93,97,146,160,167,173,191,198,206,229,243,253,278,296,300,307,314,337,
71,93,97,146,160,167,173,191,198,206,229,243,253,278,296,300,307,314,337,
75,79,176,341,
78,195,273,306,328,
79,176,341,
84,221,
86,131,143,177,225,
91,110,193,201,245,259,264,
92,299,346,
93,97,146,160,167,173,191,198,206,229,243,253,278,296,300,307,314,337,
94,249,302,
95,219,
97,146,160,167,173,191,198,206,229,243,253,278,296,300,307,314,337,
100,171,189,
110,193,201,245,259,264,
115,116,149,226,312,326,
116,149,226,312,326,
127,251,281,
129,340,347,
131,143,177,225,
135,139,
137,140,
141,258,
143,177,225,
146,160,167,173,191,198,206,229,243,253,278,296,300,307,314,337,
149,226,312,326,
160,167,173,191,198,206,229,243,253,278,296,300,307,314,337,
167,173,191,198,206,229,243,253,278,296,300,307,314,337,
171,189,
173,191,198,206,229,243,253,278,296,300,307,314,337,
176,341,
177,225,
184,284,
191,198,206,229,243,253,278,296,300,307,314,337,
193,201,245,259,264,
195,273,306,328,
198,206,229,243,253,278,296,300,307,314,337,
201,245,259,264,
206,229,243,253,278,296,300,307,314,337,
222,268,
226,312,326,
229,243,253,278,296,300,307,314,337,
242,266,
243,253,278,296,300,307,314,337,
245,259,264,
249,302,
251,281,
253,278,296,300,307,314,337,
259,264,
273,306,328,
278,296,300,307,314,337,
296,300,307,314,337,
299,346,
300,307,314,337,
306,328,
307,314,337,
312,326,
314,337,
340,347,
357,516,
364,393,399,
379,386,
393,399,
406,467,498,499,
467,498,499,
498,499,
578,583,643,659,661,
583,643,659,661,
615,650,675,
640,681,
643,659,661,
650,675,
659,661,
714,839,
872,874,
873,887,
963,1118,
1043,1788,
1216,1733,1895,
1733,1895,
1992,2076,
1998,2004,
2103,2165,
2382,2541,
2703,3008,3283,3382,
2902,3372,
3008,3283,3382,
3283,3382,
3479,3481,3523,3883,3898,
3481,3523,3883,3898,
3523,3883,3898,
3579,3774,
3639,3919,
3725,3743,3868,
3743,3868,
3819,3892,
3883,3898,
3981,3994,
3999,4005,

Time taken on lsh of degree bin no.4 of 2809 elements=0.531301
LSH ON 2874 nodes
2,162,
14,44,
19,137,140,
21,26,188,
24,254,
26,188,
28,151,
57,80,
59,223,238,265,
64,152,208,262,305,
92,194,
101,266,
115,116,326,
116,326,
137,140,
144,214,
152,208,262,305,
169,323,
180,302,
189,217,
208,262,305,
211,325,
223,238,265,
238,265,
262,305,
578,600,643,658,659,661,675,681,
595,599,
600,643,658,659,661,675,681,
615,650,
643,658,659,661,675,681,
658,659,661,675,681,
659,661,675,681,
661,675,681,
675,681,
752,853,
863,876,889,
876,889,
1468,1798,
1946,1984,2030,
1984,2030,
2090,2123,2602,
2123,2602,
2704,2740,
3571,3579,3837,
3579,3837,
3647,3848,
3653,3749,3923,
3749,3923,
3854,3879,

Time taken on lsh of degree bin no.5 of 2874 elements=0.683714
LSH ON 2211 nodes
1,7,45,50,64,125,132,146,163,171,178,189,207,208,229,242,250,260,269,
7,45,50,64,125,132,146,163,171,178,189,207,208,229,242,250,260,269,
27,150,217,
30,79,128,185,
38,87,
40,104,
45,50,64,125,132,146,163,171,178,189,207,208,229,242,250,260,269,
48,54,
50,64,125,132,146,163,171,178,189,207,208,229,242,250,260,269,
53,126,
56,271,
60,303,
64,125,132,146,163,171,178,189,207,208,229,242,250,260,269,
75,85,341,
79,128,185,
85,341,
125,132,146,163,171,178,189,207,208,229,242,250,260,269,
128,185,
130,221,257,
132,146,163,171,178,189,207,208,229,242,250,260,269,
146,163,171,178,189,207,208,229,242,250,260,269,
150,217,
163,171,178,189,207,208,229,242,250,260,269,
169,323,
171,178,189,207,208,229,242,250,260,269,
176,276,
178,189,207,208,229,242,250,260,269,
189,207,208,229,242,250,260,269,
199,252,
207,208,229,242,250,260,269,
208,229,242,250,260,269,
221,257,
229,242,250,260,269,
242,250,260,269,
250,260,269,
260,269,
652,673,
766,824,
838,840,
1943,2073,2218,2356,
1946,2586,
2073,2218,2356,
2090,2118,2123,2309,2604,
2093,2124,
2118,2123,2309,2604,
2123,2309,2604,
2139,2414,
2206,2240,2340,
2218,2356,
2240,2340,
2309,2604,
2390,2652,
2409,2507,
3984,4008,4010,4015,4022,4024,4035,
4006,4032,
4008,4010,4015,4022,4024,4035,
4010,4015,4022,4024,4035,
4015,4022,4024,4035,
4022,4024,4035,
4024,4035,

Time taken on lsh of degree bin no.6 of 2211 elements=0.517888
LSH ON 1351 nodes
2,144,
6,327,
8,11,12,15,18,33,35,37,42,43,46,47,49,52,61,74,76,77,86,90,106,112,114,117,124,138,145,153,154,155,157,160,164,174,179,182,183,190,191,198,202,205,207,209,210,215,221,233,237,240,241,244,250,255,256,267,270,279,287,288,289,292,293,301,305,317,321,335,336,
11,12,15,18,33,35,37,42,43,46,47,49,52,61,74,76,77,86,90,106,112,114,117,124,138,145,153,154,155,157,160,164,174,179,182,183,190,191,198,202,205,207,209,210,215,221,233,237,240,241,244,250,255,256,267,270,279,287,288,289,292,293,301,305,317,321,335,336,
12,15,18,33,35,37,42,43,46,47,49,52,61,74,76,77,86,90,106,112,114,117,124,138,145,153,154,155,157,160,164,174,179,182,183,190,191,198,202,205,207,209,210,215,221,233,237,240,241,244,250,255,256,267,270,279,287,288,289,292,293,301,305,317,321,335,336,
15,18,33,35,37,42,43,46,47,49,52,61,74,76,77,86,90,106,112,114,117,124,138,145,153,154,155,157,160,164,174,179,182,183,190,191,198,202,205,207,209,210,215,221,233,237,240,241,244,250,255,256,267,270,279,287,288,289,292,293,301,305,317,321,335,336,
17,28,
18,33,35,37,42,43,46,47,49,52,61,74,76,77,86,90,106,112,114,117,124,138,145,153,154,155,157,160,164,174,179,182,183,190,191,198,202,205,207,209,210,215,221,233,237,240,241,244,250,255,256,267,270,279,287,288,289,292,293,301,305,317,321,335,336,
20,116,149,226,326,
24,80,94,101,196,242,254,266,300,302,330,
27,125,146,171,229,
32,93,151,243,
33,35,37,42,43,46,47,49,52,61,74,76,77,86,90,106,112,114,117,124,138,145,153,154,155,157,160,164,174,179,182,183,190,191,198,202,205,207,209,210,215,221,233,237,240,241,244,250,255,256,267,270,279,287,288,289,292,293,301,305,317,321,335,336,
35,37,42,43,46,47,49,52,61,74,76,77,86,90,106,112,114,117,124,138,145,153,154,155,157,160,164,174,179,182,183,190,191,198,202,205,207,209,210,215,221,233,237,240,241,244,250,255,256,267,270,279,287,288,289,292,293,301,305,317,321,335,336,
36,135,
37,42,43,46,47,49,52,61,74,76,77,86,90,106,112,114,117,124,138,145,153,154,155,157,160,164,174,179,182,183,190,191,198,202,205,207,209,210,215,221,233,237,240,241,244,250,255,256,267,270,279,287,288,289,292,293,301,305,317,321,335,336,
38,129,340,
42,43,46,47,49,52,61,74,76,77,86,90,106,112,114,117,124,138,145,153,154,155,157,160,164,174,179,182,183,190,191,198,202,205,207,209,210,215,221,233,237,240,241,244,250,255,256,267,270,279,287,288,289,292,293,301,305,317,321,335,336,
43,46,47,49,52,61,74,76,77,86,90,106,112,114,117,124,138,145,153,154,155,157,160,164,174,179,182,183,190,191,198,202,205,207,209,210,215,221,233,237,240,241,244,250,255,256,267,270,279,287,288,289,292,293,301,305,317,321,335,336,
44,162,
46,47,49,52,61,74,76,77,86,90,106,112,114,117,124,138,145,153,154,155,157,160,164,174,179,182,183,190,191,198,202,205,207,209,210,215,221,233,237,240,241,244,250,255,256,267,270,279,287,288,289,292,293,301,305,317,321,335,336,
47,49,52,61,74,76,77,86,90,106,112,114,117,124,138,145,153,154,155,157,160,164,174,179,182,183,190,191,198,202,205,207,209,210,215,221,233,237,240,241,244,250,255,256,267,270,279,287,288,289,292,293,301,305,317,321,335,336,
49,52,61,74,76,77,86,90,106,112,114,117,124,138,145,153,154,155,157,160,164,174,179,182,183,190,191,198,202,205,207,209,210,215,221,233,237,240,241,244,250,255,256,267,270,279,287,288,289,292,293,301,305,317,321,335,336,
50,132,208,
51,83,
52,61,74,76,77,86,90,106,112,114,117,124,138,145,153,154,155,157,160,164,174,179,182,183,190,191,198,202,205,207,209,210,215,221,233,237,240,241,244,250,255,256,267,270,279,287,288,289,292,293,301,305,317,321,335,336,
53,92,194,299,
60,234,
61,74,76,77,86,90,106,112,114,117,124,138,145,153,154,155,157,160,164,174,179,182,183,190,191,198,202,205,207,209,210,215,221,233,237,240,241,244,250,255,256,267,270,279,287,288,289,292,293,301,305,317,321,335,336,
63,298,
64,189,217,
68,99,102,227,263,
70,97,253,307,
73,126,346,
74,76,77,86,90,106,112,114,117,124,138,145,153,154,155,157,160,164,174,179,182,183,190,191,198,202,205,207,209,210,215,221,233,237,240,241,244,250,255,256,267,270,279,287,288,289,292,293,301,305,317,321,335,336,
76,77,86,90,106,112,114,117,124,138,145,153,154,155,157,160,164,174,179,182,183,190,191,198,202,205,207,209,210,215,221,233,237,240,241,244,250,255,256,267,270,279,287,288,289,292,293,301,305,317,321,335,336,
77,86,90,106,112,114,117,124,138,145,153,154,155,157,160,164,174,179,182,183,190,191,198,202,205,207,209,210,215,221,233,237,240,241,244,250,255,256,267,270,279,287,288,289,292,293,301,305,317,321,335,336,
78,181,195,218,273,275,328,
80,94,101,196,242,254,266,300,302,330,
86,90,106,112,114,117,124,138,145,153,154,155,157,160,164,174,179,182,183,190,191,198,202,205,207,209,210,215,221,233,237,240,241,244,250,255,256,267,270,279,287,288,289,292,293,301,305,317,321,335,336,
89,95,147,219,
90,106,112,114,117,124,138,145,153,154,155,157,160,164,174,179,182,183,190,191,198,202,205,207,209,210,215,221,233,237,240,241,244,250,255,256,267,270,279,287,288,289,292,293,301,305,317,321,335,336,
91,110,193,201,245,259,264,
92,194,299,
93,151,243,
94,101,196,242,254,266,300,302,330,
95,147,219,
97,253,307,
99,102,227,263,
101,196,242,254,266,300,302,330,
102,227,263,
106,112,114,117,124,138,145,153,154,155,157,160,164,174,179,182,183,190,191,198,202,205,207,209,210,215,221,233,237,240,241,244,250,255,256,267,270,279,287,288,289,292,293,301,305,317,321,335,336,
110,193,201,245,259,264,
112,114,117,124,138,145,153,154,155,157,160,164,174,179,182,183,190,191,198,202,205,207,209,210,215,221,233,237,240,241,244,250,255,256,267,270,279,287,288,289,292,293,301,305,317,321,335,336,
114,117,124,138,145,153,154,155,157,160,164,174,179,182,183,190,191,198,202,205,207,209,210,215,221,233,237,240,241,244,250,255,256,267,270,279,287,288,289,292,293,301,305,317,321,335,336,
115,333,
116,149,226,326,
117,124,138,145,153,154,155,157,160,164,174,179,182,183,190,191,198,202,205,207,209,210,215,221,233,237,240,241,244,250,255,256,267,270,279,287,288,289,292,293,301,305,317,321,335,336,
124,138,145,153,154,155,157,160,164,174,179,182,183,190,191,198,202,205,207,209,210,215,221,233,237,240,241,244,250,255,256,267,270,279,287,288,289,292,293,301,305,317,321,335,336,
125,146,171,229,
126,346,
127,184,320,
129,340,
131,143,177,225,278,296,
132,208,
134,334,
138,145,153,154,155,157,160,164,174,179,182,183,190,191,198,202,205,207,209,210,215,221,233,237,240,241,244,250,255,256,267,270,279,287,288,289,292,293,301,305,317,321,335,336,
139,309,
140,192,220,262,
143,177,225,278,296,
145,153,154,155,157,160,164,174,179,182,183,190,191,198,202,205,207,209,210,215,221,233,237,240,241,244,250,255,256,267,270,279,287,288,289,292,293,301,305,317,321,335,336,
146,171,229,
147,219,
148,331,
149,226,326,
151,243,
152,306,
153,154,155,157,160,164,174,179,182,183,190,191,198,202,205,207,209,210,215,221,233,237,240,241,244,250,255,256,267,270,279,287,288,289,292,293,301,305,317,321,335,336,
154,155,157,160,164,174,179,182,183,190,191,198,202,205,207,209,210,215,221,233,237,240,241,244,250,255,256,267,270,279,287,288,289,292,293,301,305,317,321,335,336,
155,157,160,164,174,179,182,183,190,191,198,202,205,207,209,210,215,221,233,237,240,241,244,250,255,256,267,270,279,287,288,289,292,293,301,305,317,321,335,336,
157,160,164,174,179,182,183,190,191,198,202,205,207,209,210,215,221,233,237,240,241,244,250,255,256,267,270,279,287,288,289,292,293,301,305,317,321,335,336,
160,164,174,179,182,183,190,191,198,202,205,207,209,210,215,221,233,237,240,241,244,250,255,256,267,270,279,287,288,289,292,293,301,305,317,321,335,336,
164,174,179,182,183,190,191,198,202,205,207,209,210,215,221,233,237,240,241,244,250,255,256,267,270,279,287,288,289,292,293,301,305,317,321,335,336,
165,206,
167,337,
168,246,347,
171,229,
174,179,182,183,190,191,198,202,205,207,209,210,215,221,233,237,240,241,244,250,255,256,267,270,279,287,288,289,292,293,301,305,317,321,335,336,
177,225,278,296,
179,182,183,190,191,198,202,205,207,209,210,215,221,233,237,240,241,244,250,255,256,267,270,279,287,288,289,292,293,301,305,317,321,335,336,
180,187,204,
181,195,218,273,275,328,
182,183,190,191,198,202,205,207,209,210,215,221,233,237,240,241,244,250,255,256,267,270,279,287,288,289,292,293,301,305,317,321,335,336,
183,190,191,198,202,205,207,209,210,215,221,233,237,240,241,244,250,255,256,267,270,279,287,288,289,292,293,301,305,317,321,335,336,
184,320,
187,204,
189,217,
190,191,198,202,205,207,209,210,215,221,233,237,240,241,244,250,255,256,267,270,279,287,288,289,292,293,301,305,317,321,335,336,
191,198,202,205,207,209,210,215,221,233,237,240,241,244,250,255,256,267,270,279,287,288,289,292,293,301,305,317,321,335,336,
192,220,262,
193,201,245,259,264,
194,299,
195,218,273,275,328,
196,242,254,266,300,302,330,
198,202,205,207,209,210,215,221,233,237,240,241,244,250,255,256,267,270,279,287,288,289,292,293,301,305,317,321,335,336,
201,245,259,264,
202,205,207,209,210,215,221,233,237,240,241,244,250,255,256,267,270,279,287,288,289,292,293,301,305,317,321,335,336,
205,207,209,210,215,221,233,237,240,241,244,250,255,256,267,270,279,287,288,289,292,293,301,305,317,321,335,336,
207,209,210,215,221,233,237,240,241,244,250,255,256,267,270,279,287,288,289,292,293,301,305,317,321,335,336,
209,210,215,221,233,237,240,241,244,250,255,256,267,270,279,287,288,289,292,293,301,305,317,321,335,336,
210,215,221,233,237,240,241,244,250,255,256,267,270,279,287,288,289,292,293,301,305,317,321,335,336,
215,221,233,237,240,241,244,250,255,256,267,270,279,287,288,289,292,293,301,305,317,321,335,336,
216,310,
218,273,275,328,
220,262,
221,233,237,240,241,244,250,255,256,267,270,279,287,288,289,292,293,301,305,317,321,335,336,
223,265,
225,278,296,
226,326,
227,263,
228,283,
233,237,240,241,244,250,255,256,267,270,279,287,288,289,292,293,301,305,317,321,335,336,
237,240,241,244,250,255,256,267,270,279,287,288,289,292,293,301,305,317,321,335,336,
240,241,244,250,255,256,267,270,279,287,288,289,292,293,301,305,317,321,335,336,
241,244,250,255,256,267,270,279,287,288,289,292,293,301,305,317,321,335,336,
242,254,266,300,302,330,
244,250,255,256,267,270,279,287,288,289,292,293,301,305,317,321,335,336,
245,259,264,
246,347,
250,255,256,267,270,279,287,288,289,292,293,301,305,317,321,335,336,
251,284,
253,307,
254,266,300,302,330,
255,256,267,270,279,287,288,289,292,293,301,305,317,321,335,336,
256,267,270,279,287,288,289,292,293,301,305,317,321,335,336,
259,264,
266,300,302,330,
267,270,279,287,288,289,292,293,301,305,317,321,335,336,
270,279,287,288,289,292,293,301,305,317,321,335,336,
273,275,328,
275,328,
278,296,
279,287,288,289,292,293,301,305,317,321,335,336,
287,288,289,292,293,301,305,317,321,335,336,
288,289,292,293,301,305,317,321,335,336,
289,292,293,301,305,317,321,335,336,
292,293,301,305,317,321,335,336,
293,301,305,317,321,335,336,
300,302,330,
301,305,317,321,335,336,
302,330,
305,317,321,335,336,
317,321,335,336,
321,335,336,
335,336,
692,801,
749,775,
1032,1786,
1993,2118,2309,2354,2586,
2059,2139,2218,
2073,2601,
2078,2206,2381,
2118,2309,2354,2586,
2139,2218,
2150,2593,
2206,2381,
2244,2604,
2309,2354,2586,
2354,2586,
2590,2607,

Time taken on lsh of degree bin no.7 of 1351 elements=0.280327
LSH ON 2096 nodes
58,1171,
1419,1758,
2078,2220,2464,
2079,2195,2269,2457,2470,2569,2596,
2131,2244,
2195,2269,2457,2470,2569,2596,
2220,2464,
2269,2457,2470,2569,2596,
2340,2507,2607,2625,
2363,2593,
2369,2600,
2382,2541,
2457,2470,2569,2596,
2470,2569,2596,
2507,2607,2625,
2569,2596,
2586,2604,
2607,2625,
2699,2879,
2704,2740,
2817,3147,
2838,2885,3003,3290,
2842,3031,3071,3183,3230,
2885,3003,3290,
2902,3372,
3003,3290,
3031,3071,3183,3230,
3071,3183,3230,
3183,3230,
3218,3354,
3451,3453,3570,3650,3709,3729,3748,3798,3820,3853,3856,3935,3974,
3453,3570,3650,3709,3729,3748,3798,3820,3853,3856,3935,3974,
3481,3523,
3570,3650,3709,3729,3748,3798,3820,3853,3856,3935,3974,
3579,3837,
3613,3649,
3639,3919,
3650,3709,3729,3748,3798,3820,3853,3856,3935,3974,
3709,3729,3748,3798,3820,3853,3856,3935,3974,
3729,3748,3798,3820,3853,3856,3935,3974,
3748,3798,3820,3853,3856,3935,3974,
3751,3923,
3798,3820,3853,3856,3935,3974,
3819,3892,
3820,3853,3856,3935,3974,
3853,3856,3935,3974,
3854,3879,
3856,3935,3974,
3935,3974,

Time taken on lsh of degree bin no.8 of 2096 elements=0.269803