
LSH ON 85 nodes
335,292,287,215,210,209,114,74,43,37,18,15,12,11,
335,292,287,215,210,209,114,74,43,37,18,15,12,
335,292,287,215,210,209,114,74,43,37,18,15,
335,292,287,215,210,209,114,74,43,37,18,
335,292,287,215,210,209,114,74,43,37,
335,292,287,215,210,209,114,74,43,
335,292,287,215,210,209,114,74,
335,292,287,215,210,209,114,
335,292,287,215,210,209,
335,292,287,215,210,
335,292,287,215,
335,292,287,
335,292,
550,447,358,
550,447,
674,668,638,624,613,608,607,602,585,
674,668,638,624,613,608,607,602,
674,668,638,624,613,608,607,
674,668,638,624,613,608,
674,668,638,624,613,
674,668,638,624,
674,668,638,
674,668,
801,692,
892,891,883,875,
892,891,883,
892,891,
1834,1581,1560,1466,1386,1206,1145,1119,1096,918,911,
1834,1581,1560,1466,1386,1206,1145,1119,1096,918,
1834,1581,1560,1466,1386,1206,1145,1119,1096,
1834,1581,1560,1466,1386,1206,1145,1119,
1834,1581,1560,1466,1386,1206,1145,
1834,1581,1560,1466,1386,1206,
1834,1581,1560,1466,1386,
1834,1581,1560,1466,
1834,1581,1560,
1834,1581,
2596,2569,2470,2457,2269,2195,2079,
2596,2569,2470,2457,2269,2195,
2596,2569,2470,2457,2269,
2596,2569,2470,2457,
2596,2569,2470,
2596,2569,
3230,3183,3071,3031,2842,
3230,3183,3071,3031,
3230,3183,3071,
3230,3183,
3974,3935,3856,3853,3820,3798,3748,3729,3709,3650,3570,3453,3451,
3974,3935,3856,3853,3820,3798,3748,3729,3709,3650,3570,3453,
3974,3935,3856,3853,3820,3798,3748,3729,3709,3650,3570,
3974,3935,3856,3853,3820,3798,3748,3729,3709,3650,
3974,3935,3856,3853,3820,3798,3748,3729,3709,
3974,3935,3856,3853,3820,3798,3748,3729,
3974,3935,3856,3853,3820,3798,3748,
3974,3935,3856,3853,3820,3798,
3974,3935,3856,3853,3820,
3974,3935,3856,3853,
3974,3935,3856,
3974,3935,
4035,4024,4022,4015,4010,4008,3984,
4035,4024,4022,4015,4010,4008,
4035,4024,4022,4015,4010,
4035,4024,4022,4015,
4035,4024,4022,
4035,4024,

Time taken on lsh of degree bin no.1 of 85 elements=0.001430
LSH ON 180 nodes
305,243,111,19,
205,52,
216,58,
145,90,
305,243,111,
239,153,133,
239,153,
280,234,
255,241,
305,243,
386,379,
532,401,
468,443,
775,749,
2541,2382,
2740,2704,
3187,3006,
3408,3136,
3891,3589,
3879,3854,
3959,3922,
4032,4006,

Time taken on lsh of degree bin no.2 of 180 elements=0.003685
LSH ON 1268 nodes
269,217,189,150,132,125,100,64,27,1,
344,3,
84,4,
327,6,
269,217,189,150,132,125,100,64,27,
325,265,222,29,
243,167,32,
81,71,47,
205,52,49,
237,83,51,
205,52,
271,109,56,
207,63,
269,217,189,150,132,125,100,64,
81,71,
248,77,
94,80,
237,83,
319,147,89,
145,90,
337,93,
219,95,
253,97,
269,217,189,150,132,125,100,
271,109,
245,201,193,110,
293,112,
230,182,120,
250,121,
270,155,124,
269,217,189,150,132,125,
269,217,189,150,132,
225,177,143,
332,146,
319,147,
269,217,189,150,
270,155,
243,167,
347,168,
225,177,
336,178,
275,181,
230,182,
269,217,189,
240,190,
262,220,192,
245,201,193,
245,201,
269,217,
262,220,
325,265,222,
342,313,261,239,
342,313,261,
296,263,
325,265,
342,313,
572,499,
673,652,
775,749,
874,872,
887,877,873,
887,877,
1856,1346,
2499,2037,
2450,2113,
2245,2167,
2401,2207,
2301,2281,
3147,2817,
3372,2902,
3676,3489,
3864,3502,
3875,3537,
4032,4006,

Time taken on lsh of degree bin no.3 of 1268 elements=0.096871
LSH ON 2809 nodes
340,337,311,310,308,307,298,296,278,269,264,263,259,258,253,246,245,243,240,230,227,225,221,217,214,206,201,193,191,189,177,175,173,171,167,162,160,150,144,143,140,137,131,117,111,110,100,99,97,96,93,91,86,71,70,68,64,58,46,44,41,38,32,30,28,27,17,14,8,2,
341,75,3,
327,6,
347,129,31,7,
340,337,311,310,308,307,298,296,278,269,264,263,259,258,253,246,245,243,240,230,227,225,221,217,214,206,201,193,191,189,177,175,173,171,167,162,160,150,144,143,140,137,131,117,111,110,100,99,97,96,93,91,86,71,70,68,64,58,46,44,41,38,32,30,28,27,17,14,8,
334,318,165,10,
222,199,13,
340,337,311,310,308,307,298,296,278,269,264,263,259,258,253,246,245,243,240,230,227,225,221,217,214,206,201,193,191,189,177,175,173,171,167,162,160,150,144,143,140,137,131,117,111,110,100,99,97,96,93,91,86,71,70,68,64,58,46,44,41,38,32,30,28,27,17,14,
331,161,65,29,16,
340,337,311,310,308,307,298,296,278,269,264,263,259,258,253,246,245,243,240,230,227,225,221,217,214,206,201,193,191,189,177,175,173,171,167,162,160,150,144,143,140,137,131,117,111,110,100,99,97,96,93,91,86,71,70,68,64,58,46,44,41,38,32,30,28,27,17,
343,333,326,312,226,149,116,115,20,
330,24,
340,337,311,310,308,307,298,296,278,269,264,263,259,258,253,246,245,243,240,230,227,225,221,217,214,206,201,193,191,189,177,175,173,171,167,162,160,150,144,143,140,137,131,117,111,110,100,99,97,96,93,91,86,71,70,68,64,58,46,44,41,38,32,30,28,27,
340,337,311,310,308,307,298,296,278,269,264,263,259,258,253,246,245,243,240,230,227,225,221,217,214,206,201,193,191,189,177,175,173,171,167,162,160,150,144,143,140,137,131,117,111,110,100,99,97,96,93,91,86,71,70,68,64,58,46,44,41,38,32,30,28,
331,161,65,29,
340,337,311,310,308,307,298,296,278,269,264,263,259,258,253,246,245,243,240,230,227,225,221,217,214,206,201,193,191,189,177,175,173,171,167,162,160,150,144,143,140,137,131,117,111,110,100,99,97,96,93,91,86,71,70,68,64,58,46,44,41,38,32,30,
347,129,31,
340,337,311,310,308,307,298,296,278,269,264,263,259,258,253,246,245,243,240,230,227,225,221,217,214,206,201,193,191,189,177,175,173,171,167,162,160,150,144,143,140,137,131,117,111,110,100,99,97,96,93,91,86,71,70,68,64,58,46,44,41,38,32,
309,251,135,36,
340,337,311,310,308,307,298,296,278,269,264,263,259,258,253,246,245,243,240,230,227,225,221,217,214,206,201,193,191,189,177,175,173,171,167,162,160,150,144,143,140,137,131,117,111,110,100,99,97,96,93,91,86,71,70,68,64,58,46,44,41,38,
340,337,311,310,308,307,298,296,278,269,264,263,259,258,253,246,245,243,240,230,227,225,221,217,214,206,201,193,191,189,177,175,173,171,167,162,160,150,144,143,140,137,131,117,111,110,100,99,97,96,93,91,86,71,70,68,64,58,46,44,41,
340,337,311,310,308,307,298,296,278,269,264,263,259,258,253,246,245,243,240,230,227,225,221,217,214,206,201,193,191,189,177,175,173,171,167,162,160,150,144,143,140,137,131,117,111,110,100,99,97,96,93,91,86,71,70,68,64,58,46,44,
340,337,311,310,308,307,298,296,278,269,264,263,259,258,253,246,245,243,240,230,227,225,221,217,214,206,201,193,191,189,177,175,173,171,167,162,160,150,144,143,140,137,131,117,111,110,100,99,97,96,93,91,86,71,70,68,64,58,46,
126,88,54,
271,56,
340,337,311,310,308,307,298,296,278,269,264,263,259,258,253,246,245,243,240,230,227,225,221,217,214,206,201,193,191,189,177,175,173,171,167,162,160,150,144,143,140,137,131,117,111,110,100,99,97,96,93,91,86,71,70,68,64,58,
324,134,59,
340,337,311,310,308,307,298,296,278,269,264,263,259,258,253,246,245,243,240,230,227,225,221,217,214,206,201,193,191,189,177,175,173,171,167,162,160,150,144,143,140,137,131,117,111,110,100,99,97,96,93,91,86,71,70,68,64,
331,161,65,
295,276,231,212,123,66,
340,337,311,310,308,307,298,296,278,269,264,263,259,258,253,246,245,243,240,230,227,225,221,217,214,206,201,193,191,189,177,175,173,171,167,162,160,150,144,143,140,137,131,117,111,110,100,99,97,96,93,91,86,71,70,68,
340,337,311,310,308,307,298,296,278,269,264,263,259,258,253,246,245,243,240,230,227,225,221,217,214,206,201,193,191,189,177,175,173,171,167,162,160,150,144,143,140,137,131,117,111,110,100,99,97,96,93,91,86,71,70,
340,337,311,310,308,307,298,296,278,269,264,263,259,258,253,246,245,243,240,230,227,225,221,217,214,206,201,193,191,189,177,175,173,171,167,162,160,150,144,143,140,137,131,117,111,110,100,99,97,96,93,91,86,71,
341,75,
328,306,273,195,78,
302,254,94,80,
323,85,
340,337,311,310,308,307,298,296,278,269,264,263,259,258,253,246,245,243,240,230,227,225,221,217,214,206,201,193,191,189,177,175,173,171,167,162,160,150,144,143,140,137,131,117,111,110,100,99,97,96,93,91,86,
316,235,87,
126,88,
340,337,311,310,308,307,298,296,278,269,264,263,259,258,253,246,245,243,240,230,227,225,221,217,214,206,201,193,191,189,177,175,173,171,167,162,160,150,144,143,140,137,131,117,111,110,100,99,97,96,93,91,
340,337,311,310,308,307,298,296,278,269,264,263,259,258,253,246,245,243,240,230,227,225,221,217,214,206,201,193,191,189,177,175,173,171,167,162,160,150,144,143,140,137,131,117,111,110,100,99,97,96,93,
302,254,94,
340,337,311,310,308,307,298,296,278,269,264,263,259,258,253,246,245,243,240,230,227,225,221,217,214,206,201,193,191,189,177,175,173,171,167,162,160,150,144,143,140,137,131,117,111,110,100,99,97,96,
340,337,311,310,308,307,298,296,278,269,264,263,259,258,253,246,245,243,240,230,227,225,221,217,214,206,201,193,191,189,177,175,173,171,167,162,160,150,144,143,140,137,131,117,111,110,100,99,97,
340,337,311,310,308,307,298,296,278,269,264,263,259,258,253,246,245,243,240,230,227,225,221,217,214,206,201,193,191,189,177,175,173,171,167,162,160,150,144,143,140,137,131,117,111,110,100,99,
340,337,311,310,308,307,298,296,278,269,264,263,259,258,253,246,245,243,240,230,227,225,221,217,214,206,201,193,191,189,177,175,173,171,167,162,160,150,144,143,140,137,131,117,111,110,100,
229,105,
197,139,108,
340,337,311,310,308,307,298,296,278,269,264,263,259,258,253,246,245,243,240,230,227,225,221,217,214,206,201,193,191,189,177,175,173,171,167,162,160,150,144,143,140,137,131,117,111,110,
340,337,311,310,308,307,298,296,278,269,264,263,259,258,253,246,245,243,240,230,227,225,221,217,214,206,201,193,191,189,177,175,173,171,167,162,160,150,144,143,140,137,131,117,111,
343,333,326,312,226,149,116,115,
343,333,326,312,226,149,116,
340,337,311,310,308,307,298,296,278,269,264,263,259,258,253,246,245,243,240,230,227,225,221,217,214,206,201,193,191,189,177,175,173,171,167,162,160,150,144,143,140,137,131,117,
295,276,231,212,123,
320,184,127,
347,129,
340,337,311,310,308,307,298,296,278,269,264,263,259,258,253,246,245,243,240,230,227,225,221,217,214,206,201,193,191,189,177,175,173,171,167,162,160,150,144,143,140,137,131,
324,134,
309,251,135,
340,337,311,310,308,307,298,296,278,269,264,263,259,258,253,246,245,243,240,230,227,225,221,217,214,206,201,193,191,189,177,175,173,171,167,162,160,150,144,143,140,137,
197,139,
340,337,311,310,308,307,298,296,278,269,264,263,259,258,253,246,245,243,240,230,227,225,221,217,214,206,201,193,191,189,177,175,173,171,167,162,160,150,144,143,140,
340,337,311,310,308,307,298,296,278,269,264,263,259,258,253,246,245,243,240,230,227,225,221,217,214,206,201,193,191,189,177,175,173,171,167,162,160,150,144,143,
340,337,311,310,308,307,298,296,278,269,264,263,259,258,253,246,245,243,240,230,227,225,221,217,214,206,201,193,191,189,177,175,173,171,167,162,160,150,144,
314,146,
343,333,326,312,226,149,
340,337,311,310,308,307,298,296,278,269,264,263,259,258,253,246,245,243,240,230,227,225,221,217,214,206,201,193,191,189,177,175,173,171,167,162,160,150,
340,337,311,310,308,307,298,296,278,269,264,263,259,258,253,246,245,243,240,230,227,225,221,217,214,206,201,193,191,189,177,175,173,171,167,162,160,
331,161,
340,337,311,310,308,307,298,296,278,269,264,263,259,258,253,246,245,243,240,230,227,225,221,217,214,206,201,193,191,189,177,175,173,171,167,162,
334,318,165,
340,337,311,310,308,307,298,296,278,269,264,263,259,258,253,246,245,243,240,230,227,225,221,217,214,206,201,193,191,189,177,175,173,171,167,
340,337,311,310,308,307,298,296,278,269,264,263,259,258,253,246,245,243,240,230,227,225,221,217,214,206,201,193,191,189,177,175,173,171,
340,337,311,310,308,307,298,296,278,269,264,263,259,258,253,246,245,243,240,230,227,225,221,217,214,206,201,193,191,189,177,175,173,
340,337,311,310,308,307,298,296,278,269,264,263,259,258,253,246,245,243,240,230,227,225,221,217,214,206,201,193,191,189,177,175,
340,337,311,310,308,307,298,296,278,269,264,263,259,258,253,246,245,243,240,230,227,225,221,217,214,206,201,193,191,189,177,
187,180,
320,184,
303,186,
274,188,
340,337,311,310,308,307,298,296,278,269,264,263,259,258,253,246,245,243,240,230,227,225,221,217,214,206,201,193,191,189,
340,337,311,310,308,307,298,296,278,269,264,263,259,258,253,246,245,243,240,230,227,225,221,217,214,206,201,193,191,
340,337,311,310,308,307,298,296,278,269,264,263,259,258,253,246,245,243,240,230,227,225,221,217,214,206,201,193,
328,306,273,195,
222,199,
340,337,311,310,308,307,298,296,278,269,264,263,259,258,253,246,245,243,240,230,227,225,221,217,214,206,201,
342,211,203,
340,337,311,310,308,307,298,296,278,269,264,263,259,258,253,246,245,243,240,230,227,225,221,217,214,206,
342,211,
295,276,231,212,
340,337,311,310,308,307,298,296,278,269,264,263,259,258,253,246,245,243,240,230,227,225,221,217,214,
340,337,311,310,308,307,298,296,278,269,264,263,259,258,253,246,245,243,240,230,227,225,221,217,
340,337,311,310,308,307,298,296,278,269,264,263,259,258,253,246,245,243,240,230,227,225,221,
340,337,311,310,308,307,298,296,278,269,264,263,259,258,253,246,245,243,240,230,227,225,
343,333,326,312,226,
340,337,311,310,308,307,298,296,278,269,264,263,259,258,253,246,245,243,240,230,227,
340,337,311,310,308,307,298,296,278,269,264,263,259,258,253,246,245,243,240,230,
295,276,231,
316,235,
340,337,311,310,308,307,298,296,278,269,264,263,259,258,253,246,245,243,240,
340,337,311,310,308,307,298,296,278,269,264,263,259,258,253,246,245,243,
340,337,311,310,308,307,298,296,278,269,264,263,259,258,253,246,245,
340,337,311,310,308,307,298,296,278,269,264,263,259,258,253,246,
309,251,
261,252,
340,337,311,310,308,307,298,296,278,269,264,263,259,258,253,
302,254,
340,337,311,310,308,307,298,296,278,269,264,263,259,258,
340,337,311,310,308,307,298,296,278,269,264,263,259,
340,337,311,310,308,307,298,296,278,269,264,263,
340,337,311,310,308,307,298,296,278,269,264,
340,337,311,310,308,307,298,296,278,269,
328,306,273,
295,276,
340,337,311,310,308,307,298,296,278,
340,337,311,310,308,307,298,296,
340,337,311,310,308,307,298,
328,306,
340,337,311,310,308,307,
340,337,311,310,308,
340,337,311,310,
340,337,311,
343,333,326,312,
334,318,
343,333,326,
343,333,
340,337,
399,364,
386,379,
499,406,
659,640,578,
661,643,600,
659,640,
661,643,
878,863,
871,868,865,
871,868,
887,873,
888,882,
1880,1314,
1378,1371,
1895,1733,
2076,1992,
2073,2069,
2165,2103,
2541,2382,
3008,2703,
3372,2902,
3898,3523,3481,
3708,3519,
3898,3523,
3743,3725,3538,
3919,3639,
3743,3725,
3837,3759,
3994,3981,
4030,3982,
4017,3986,
4026,4014,4000,
4026,4014,

Time taken on lsh of degree bin no.4 of 2809 elements=0.527309
LSH ON 2874 nodes
162,44,14,2,
257,132,7,
345,9,
318,314,305,298,290,268,262,260,243,222,221,220,208,178,152,146,106,84,77,63,16,10,
162,44,14,
318,314,305,298,290,268,262,260,243,222,221,220,208,178,152,146,106,84,77,63,16,
140,137,111,19,
343,326,312,226,149,116,115,20,
271,199,188,67,26,21,
347,340,168,129,38,22,
254,24,
297,161,66,25,
271,199,188,67,26,
214,151,144,41,28,
276,232,176,30,
308,103,31,
347,340,168,129,38,
214,151,144,41,
162,44,
88,48,
238,118,109,82,59,
318,314,305,298,290,268,262,260,243,222,221,220,208,178,152,146,106,84,77,63,
189,64,
297,161,66,
271,199,188,67,
334,113,72,
318,314,305,298,290,268,262,260,243,222,221,220,208,178,152,146,106,84,77,
238,118,109,82,
318,314,305,298,290,268,262,260,243,222,221,220,208,178,152,146,106,84,
339,213,87,
194,92,
313,98,
330,242,187,180,101,
308,103,
248,212,123,104,
318,314,305,298,290,268,262,260,243,222,221,220,208,178,152,146,106,
238,118,109,
140,137,111,
334,113,
343,326,312,226,149,116,115,
343,326,312,226,149,116,
238,118,
248,212,123,
184,127,
170,128,
347,340,168,129,
257,132,
140,137,
258,141,
285,169,142,
214,151,144,
318,314,305,298,290,268,262,260,243,222,221,220,208,178,152,146,
343,326,312,226,149,
214,151,
318,314,305,298,290,268,262,260,243,222,221,220,208,178,152,
303,158,
297,161,
347,340,168,
285,169,
325,265,261,239,172,
276,232,176,
318,314,305,298,290,268,262,260,243,222,221,220,208,178,
330,242,187,180,
231,224,185,
330,242,187,
271,199,188,
204,196,
271,199,
318,314,305,298,290,268,262,260,243,222,221,220,208,
248,212,
339,213,
318,314,305,298,290,268,262,260,243,222,221,220,
318,314,305,298,290,268,262,260,243,222,221,
318,314,305,298,290,268,262,260,243,222,
231,224,
343,326,312,226,
276,232,
325,265,261,239,
330,242,
318,314,305,298,290,268,262,260,243,
302,249,
318,314,305,298,290,268,262,260,
325,265,261,
318,314,305,298,290,268,262,
325,265,
318,314,305,298,290,268,
318,314,305,298,290,
318,314,305,298,
318,314,305,
343,326,312,
318,314,
343,326,
347,340,
675,659,658,578,
681,643,600,583,
681,643,600,
681,643,
675,659,658,
675,659,
888,882,878,876,863,
888,882,878,876,
888,882,878,
888,882,
2240,2206,2184,2123,1917,
2090,2078,1938,
2464,1993,1971,
2464,1993,
2090,2078,
2578,2088,
2240,2206,2184,2123,
2240,2206,2184,
2240,2206,
2652,2390,
2740,2704,
3317,3030,
3848,3647,
3837,3774,
3879,3854,

Time taken on lsh of degree bin no.5 of 2874 elements=0.675809
LSH ON 2211 nodes
26,21,
324,269,229,217,208,189,171,163,150,146,125,64,50,27,
339,246,87,38,
178,45,
126,48,
324,269,229,217,208,189,171,163,150,146,125,64,50,
324,269,229,217,208,189,171,163,150,146,125,64,
341,85,75,
341,85,
339,246,87,
325,313,98,
176,113,
186,142,122,
324,269,229,217,208,189,171,163,150,146,125,
329,185,161,128,
186,142,
324,269,229,217,208,189,171,163,150,146,
324,269,229,217,208,189,171,163,150,
329,185,161,
324,269,229,217,208,189,171,163,
324,269,229,217,208,189,171,
329,185,
277,188,
324,269,229,217,208,189,
323,232,203,
260,250,242,207,
324,269,229,217,208,
324,269,229,217,
324,269,229,
323,232,
260,250,242,
339,246,
260,250,
324,269,
325,313,
636,619,
673,652,
805,713,
853,752,
2059,1946,
2123,1993,
2290,2030,
2500,2104,
2600,2464,2331,
2428,2340,
2602,2410,
2600,2464,
2604,2601,
4019,3981,
4035,4024,4022,4015,4010,4008,3984,
4032,4006,
4035,4024,4022,4015,4010,4008,
4035,4024,4022,4015,4010,
4035,4024,4022,4015,
4025,4016,
4035,4024,4022,
4035,4024,

Time taken on lsh of degree bin no.6 of 2211 elements=0.498598
LSH ON 1351 nodes
162,2,
344,341,336,335,327,321,318,317,307,305,298,296,295,293,292,288,287,286,282,279,269,268,267,260,256,255,253,250,247,244,241,237,234,233,222,220,216,215,210,209,207,205,192,191,189,183,179,178,176,174,171,166,165,163,160,157,155,154,153,138,125,124,121,114,112,106,97,91,84,83,79,75,74,71,70,69,64,63,61,52,51,49,47,44,43,42,37,35,33,29,18,16,15,12,11,6,3,
344,341,336,335,327,321,318,317,307,305,298,296,295,293,292,288,287,286,282,279,269,268,267,260,256,255,253,250,247,244,241,237,234,233,222,220,216,215,210,209,207,205,192,191,189,183,179,178,176,174,171,166,165,163,160,157,155,154,153,138,125,124,121,114,112,106,97,91,84,83,79,75,74,71,70,69,64,63,61,52,51,49,47,44,43,42,37,35,33,29,18,16,15,12,11,6,
338,66,7,
264,259,245,201,193,110,8,
208,10,
344,341,336,335,327,321,318,317,307,305,298,296,295,293,292,288,287,286,282,279,269,268,267,260,256,255,253,250,247,244,241,237,234,233,222,220,216,215,210,209,207,205,192,191,189,183,179,178,176,174,171,166,165,163,160,157,155,154,153,138,125,124,121,114,112,106,97,91,84,83,79,75,74,71,70,69,64,63,61,52,51,49,47,44,43,42,37,35,33,29,18,16,15,12,11,
344,341,336,335,327,321,318,317,307,305,298,296,295,293,292,288,287,286,282,279,269,268,267,260,256,255,253,250,247,244,241,237,234,233,222,220,216,215,210,209,207,205,192,191,189,183,179,178,176,174,171,166,165,163,160,157,155,154,153,138,125,124,121,114,112,106,97,91,84,83,79,75,74,71,70,69,64,63,61,52,51,49,47,44,43,42,37,35,33,29,18,16,15,12,
344,341,336,335,327,321,318,317,307,305,298,296,295,293,292,288,287,286,282,279,269,268,267,260,256,255,253,250,247,244,241,237,234,233,222,220,216,215,210,209,207,205,192,191,189,183,179,178,176,174,171,166,165,163,160,157,155,154,153,138,125,124,121,114,112,106,97,91,84,83,79,75,74,71,70,69,64,63,61,52,51,49,47,44,43,42,37,35,33,29,18,16,15,
344,341,336,335,327,321,318,317,307,305,298,296,295,293,292,288,287,286,282,279,269,268,267,260,256,255,253,250,247,244,241,237,234,233,222,220,216,215,210,209,207,205,192,191,189,183,179,178,176,174,171,166,165,163,160,157,155,154,153,138,125,124,121,114,112,106,97,91,84,83,79,75,74,71,70,69,64,63,61,52,51,49,47,44,43,42,37,35,33,29,18,16,
41,17,
344,341,336,335,327,321,318,317,307,305,298,296,295,293,292,288,287,286,282,279,269,268,267,260,256,255,253,250,247,244,241,237,234,233,222,220,216,215,210,209,207,205,192,191,189,183,179,178,176,174,171,166,165,163,160,157,155,154,153,138,125,124,121,114,112,106,97,91,84,83,79,75,74,71,70,69,64,63,61,52,51,49,47,44,43,42,37,35,33,29,18,
343,333,226,20,
229,96,23,
302,242,101,24,
301,297,217,150,27,
344,341,336,335,327,321,318,317,307,305,298,296,295,293,292,288,287,286,282,279,269,268,267,260,256,255,253,250,247,244,241,237,234,233,222,220,216,215,210,209,207,205,192,191,189,183,179,178,176,174,171,166,165,163,160,157,155,154,153,138,125,124,121,114,112,106,97,91,84,83,79,75,74,71,70,69,64,63,61,52,51,49,47,44,43,42,37,35,33,29,
337,243,167,111,93,32,
344,341,336,335,327,321,318,317,307,305,298,296,295,293,292,288,287,286,282,279,269,268,267,260,256,255,253,250,247,244,241,237,234,233,222,220,216,215,210,209,207,205,192,191,189,183,179,178,176,174,171,166,165,163,160,157,155,154,153,138,125,124,121,114,112,106,97,91,84,83,79,75,74,71,70,69,64,63,61,52,51,49,47,44,43,42,37,35,33,
344,341,336,335,327,321,318,317,307,305,298,296,295,293,292,288,287,286,282,279,269,268,267,260,256,255,253,250,247,244,241,237,234,233,222,220,216,215,210,209,207,205,192,191,189,183,179,178,176,174,171,166,165,163,160,157,155,154,153,138,125,124,121,114,112,106,97,91,84,83,79,75,74,71,70,69,64,63,61,52,51,49,47,44,43,42,37,35,
135,36,
344,341,336,335,327,321,318,317,307,305,298,296,295,293,292,288,287,286,282,279,269,268,267,260,256,255,253,250,247,244,241,237,234,233,222,220,216,215,210,209,207,205,192,191,189,183,179,178,176,174,171,166,165,163,160,157,155,154,153,138,125,124,121,114,112,106,97,91,84,83,79,75,74,71,70,69,64,63,61,52,51,49,47,44,43,42,37,
324,294,290,248,132,120,105,57,55,50,39,
344,341,336,335,327,321,318,317,307,305,298,296,295,293,292,288,287,286,282,279,269,268,267,260,256,255,253,250,247,244,241,237,234,233,222,220,216,215,210,209,207,205,192,191,189,183,179,178,176,174,171,166,165,163,160,157,155,154,153,138,125,124,121,114,112,106,97,91,84,83,79,75,74,71,70,69,64,63,61,52,51,49,47,44,43,42,
344,341,336,335,327,321,318,317,307,305,298,296,295,293,292,288,287,286,282,279,269,268,267,260,256,255,253,250,247,244,241,237,234,233,222,220,216,215,210,209,207,205,192,191,189,183,179,178,176,174,171,166,165,163,160,157,155,154,153,138,125,124,121,114,112,106,97,91,84,83,79,75,74,71,70,69,64,63,61,52,51,49,47,44,43,
344,341,336,335,327,321,318,317,307,305,298,296,295,293,292,288,287,286,282,279,269,268,267,260,256,255,253,250,247,244,241,237,234,233,222,220,216,215,210,209,207,205,192,191,189,183,179,178,176,174,171,166,165,163,160,157,155,154,153,138,125,124,121,114,112,106,97,91,84,83,79,75,74,71,70,69,64,63,61,52,51,49,47,44,
225,143,131,86,46,
344,341,336,335,327,321,318,317,307,305,298,296,295,293,292,288,287,286,282,279,269,268,267,260,256,255,253,250,247,244,241,237,234,233,222,220,216,215,210,209,207,205,192,191,189,183,179,178,176,174,171,166,165,163,160,157,155,154,153,138,125,124,121,114,112,106,97,91,84,83,79,75,74,71,70,69,64,63,61,52,51,49,47,
344,341,336,335,327,321,318,317,307,305,298,296,295,293,292,288,287,286,282,279,269,268,267,260,256,255,253,250,247,244,241,237,234,233,222,220,216,215,210,209,207,205,192,191,189,183,179,178,176,174,171,166,165,163,160,157,155,154,153,138,125,124,121,114,112,106,97,91,84,83,79,75,74,71,70,69,64,63,61,52,51,49,
324,294,290,248,132,120,105,57,55,50,
344,341,336,335,327,321,318,317,307,305,298,296,295,293,292,288,287,286,282,279,269,268,267,260,256,255,253,250,247,244,241,237,234,233,222,220,216,215,210,209,207,205,192,191,189,183,179,178,176,174,171,166,165,163,160,157,155,154,153,138,125,124,121,114,112,106,97,91,84,83,79,75,74,71,70,69,64,63,61,52,51,
344,341,336,335,327,321,318,317,307,305,298,296,295,293,292,288,287,286,282,279,269,268,267,260,256,255,253,250,247,244,241,237,234,233,222,220,216,215,210,209,207,205,192,191,189,183,179,178,176,174,171,166,165,163,160,157,155,154,153,138,125,124,121,114,112,106,97,91,84,83,79,75,74,71,70,69,64,63,61,52,
324,294,290,248,132,120,105,57,55,
324,294,290,248,132,120,105,57,
81,58,
276,223,148,141,123,59,
221,185,164,146,117,60,
344,341,336,335,327,321,318,317,307,305,298,296,295,293,292,288,287,286,282,279,269,268,267,260,256,255,253,250,247,244,241,237,234,233,222,220,216,215,210,209,207,205,192,191,189,183,179,178,176,174,171,166,165,163,160,157,155,154,153,138,125,124,121,114,112,106,97,91,84,83,79,75,74,71,70,69,64,63,61,
344,341,336,335,327,321,318,317,307,305,298,296,295,293,292,288,287,286,282,279,269,268,267,260,256,255,253,250,247,244,241,237,234,233,222,220,216,215,210,209,207,205,192,191,189,183,179,178,176,174,171,166,165,163,160,157,155,154,153,138,125,124,121,114,112,106,97,91,84,83,79,75,74,71,70,69,64,63,
344,341,336,335,327,321,318,317,307,305,298,296,295,293,292,288,287,286,282,279,269,268,267,260,256,255,253,250,247,244,241,237,234,233,222,220,216,215,210,209,207,205,192,191,189,183,179,178,176,174,171,166,165,163,160,157,155,154,153,138,125,124,121,114,112,106,97,91,84,83,79,75,74,71,70,69,64,
347,129,65,
338,66,
344,341,336,335,327,321,318,317,307,305,298,296,295,293,292,288,287,286,282,279,269,268,267,260,256,255,253,250,247,244,241,237,234,233,222,220,216,215,210,209,207,205,192,191,189,183,179,178,176,174,171,166,165,163,160,157,155,154,153,138,125,124,121,114,112,106,97,91,84,83,79,75,74,71,70,69,
344,341,336,335,327,321,318,317,307,305,298,296,295,293,292,288,287,286,282,279,269,268,267,260,256,255,253,250,247,244,241,237,234,233,222,220,216,215,210,209,207,205,192,191,189,183,179,178,176,174,171,166,165,163,160,157,155,154,153,138,125,124,121,114,112,106,97,91,84,83,79,75,74,71,70,
344,341,336,335,327,321,318,317,307,305,298,296,295,293,292,288,287,286,282,279,269,268,267,260,256,255,253,250,247,244,241,237,234,233,222,220,216,215,210,209,207,205,192,191,189,183,179,178,176,174,171,166,165,163,160,157,155,154,153,138,125,124,121,114,112,106,97,91,84,83,79,75,74,71,
344,341,336,335,327,321,318,317,307,305,298,296,295,293,292,288,287,286,282,279,269,268,267,260,256,255,253,250,247,244,241,237,234,233,222,220,216,215,210,209,207,205,192,191,189,183,179,178,176,174,171,166,165,163,160,157,155,154,153,138,125,124,121,114,112,106,97,91,84,83,79,75,74,
344,341,336,335,327,321,318,317,307,305,298,296,295,293,292,288,287,286,282,279,269,268,267,260,256,255,253,250,247,244,241,237,234,233,222,220,216,215,210,209,207,205,192,191,189,183,179,178,176,174,171,166,165,163,160,157,155,154,153,138,125,124,121,114,112,106,97,91,84,83,79,75,
328,306,275,273,218,195,181,152,78,
344,341,336,335,327,321,318,317,307,305,298,296,295,293,292,288,287,286,282,279,269,268,267,260,256,255,253,250,247,244,241,237,234,233,222,220,216,215,210,209,207,205,192,191,189,183,179,178,176,174,171,166,165,163,160,157,155,154,153,138,125,124,121,114,112,106,97,91,84,83,79,
94,80,
344,341,336,335,327,321,318,317,307,305,298,296,295,293,292,288,287,286,282,279,269,268,267,260,256,255,253,250,247,244,241,237,234,233,222,220,216,215,210,209,207,205,192,191,189,183,179,178,176,174,171,166,165,163,160,157,155,154,153,138,125,124,121,114,112,106,97,91,84,83,
344,341,336,335,327,321,318,317,307,305,298,296,295,293,292,288,287,286,282,279,269,268,267,260,256,255,253,250,247,244,241,237,234,233,222,220,216,215,210,209,207,205,192,191,189,183,179,178,176,174,171,166,165,163,160,157,155,154,153,138,125,124,121,114,112,106,97,91,84,
225,143,131,86,
319,219,147,95,89,
145,90,
344,341,336,335,327,321,318,317,307,305,298,296,295,293,292,288,287,286,282,279,269,268,267,260,256,255,253,250,247,244,241,237,234,233,222,220,216,215,210,209,207,205,192,191,189,183,179,178,176,174,171,166,165,163,160,157,155,154,153,138,125,124,121,114,112,106,97,91,
194,92,
337,243,167,111,93,
319,219,147,95,
229,96,
344,341,336,335,327,321,318,317,307,305,298,296,295,293,292,288,287,286,282,279,269,268,267,260,256,255,253,250,247,244,241,237,234,233,222,220,216,215,210,209,207,205,192,191,189,183,179,178,176,174,171,166,165,163,160,157,155,154,153,138,125,124,121,114,112,106,97,
227,99,
302,242,101,
263,102,
324,294,290,248,132,120,105,
344,341,336,335,327,321,318,317,307,305,298,296,295,293,292,288,287,286,282,279,269,268,267,260,256,255,253,250,247,244,241,237,234,233,222,220,216,215,210,209,207,205,192,191,189,183,179,178,176,174,171,166,165,163,160,157,155,154,153,138,125,124,121,114,112,106,
309,139,108,
264,259,245,201,193,110,
337,243,167,111,
344,341,336,335,327,321,318,317,307,305,298,296,295,293,292,288,287,286,282,279,269,268,267,260,256,255,253,250,247,244,241,237,234,233,222,220,216,215,210,209,207,205,192,191,189,183,179,178,176,174,171,166,165,163,160,157,155,154,153,138,125,124,121,114,112,
344,341,336,335,327,321,318,317,307,305,298,296,295,293,292,288,287,286,282,279,269,268,267,260,256,255,253,250,247,244,241,237,234,233,222,220,216,215,210,209,207,205,192,191,189,183,179,178,176,174,171,166,165,163,160,157,155,154,153,138,125,124,121,114,
312,115,
221,185,164,146,117,
324,294,290,248,132,120,
344,341,336,335,327,321,318,317,307,305,298,296,295,293,292,288,287,286,282,279,269,268,267,260,256,255,253,250,247,244,241,237,234,233,222,220,216,215,210,209,207,205,192,191,189,183,179,178,176,174,171,166,165,163,160,157,155,154,153,138,125,124,121,
276,223,148,141,123,
344,341,336,335,327,321,318,317,307,305,298,296,295,293,292,288,287,286,282,279,269,268,267,260,256,255,253,250,247,244,241,237,234,233,222,220,216,215,210,209,207,205,192,191,189,183,179,178,176,174,171,166,165,163,160,157,155,154,153,138,125,124,
344,341,336,335,327,321,318,317,307,305,298,296,295,293,292,288,287,286,282,279,269,268,267,260,256,255,253,250,247,244,241,237,234,233,222,220,216,215,210,209,207,205,192,191,189,183,179,178,176,174,171,166,165,163,160,157,155,154,153,138,125,
281,251,184,127,
347,129,
225,143,131,
324,294,290,248,132,
311,134,
344,341,336,335,327,321,318,317,307,305,298,296,295,293,292,288,287,286,282,279,269,268,267,260,256,255,253,250,247,244,241,237,234,233,222,220,216,215,210,209,207,205,192,191,189,183,179,178,176,174,171,166,165,163,160,157,155,154,153,138,
309,139,
310,289,140,
276,223,148,141,
225,143,
221,185,164,146,
319,219,147,
276,223,148,
301,297,217,150,
328,306,275,273,218,195,181,152,
344,341,336,335,327,321,318,317,307,305,298,296,295,293,292,288,287,286,282,279,269,268,267,260,256,255,253,250,247,244,241,237,234,233,222,220,216,215,210,209,207,205,192,191,189,183,179,178,176,174,171,166,165,163,160,157,155,154,153,
344,341,336,335,327,321,318,317,307,305,298,296,295,293,292,288,287,286,282,279,269,268,267,260,256,255,253,250,247,244,241,237,234,233,222,220,216,215,210,209,207,205,192,191,189,183,179,178,176,174,171,166,165,163,160,157,155,154,
344,341,336,335,327,321,318,317,307,305,298,296,295,293,292,288,287,286,282,279,269,268,267,260,256,255,253,250,247,244,241,237,234,233,222,220,216,215,210,209,207,205,192,191,189,183,179,178,176,174,171,166,165,163,160,157,155,
344,341,336,335,327,321,318,317,307,305,298,296,295,293,292,288,287,286,282,279,269,268,267,260,256,255,253,250,247,244,241,237,234,233,222,220,216,215,210,209,207,205,192,191,189,183,179,178,176,174,171,166,165,163,160,157,
344,341,336,335,327,321,318,317,307,305,298,296,295,293,292,288,287,286,282,279,269,268,267,260,256,255,253,250,247,244,241,237,234,233,222,220,216,215,210,209,207,205,192,191,189,183,179,178,176,174,171,166,165,163,160,
334,161,
344,341,336,335,327,321,318,317,307,305,298,296,295,293,292,288,287,286,282,279,269,268,267,260,256,255,253,250,247,244,241,237,234,233,222,220,216,215,210,209,207,205,192,191,189,183,179,178,176,174,171,166,165,163,
221,185,164,
344,341,336,335,327,321,318,317,307,305,298,296,295,293,292,288,287,286,282,279,269,268,267,260,256,255,253,250,247,244,241,237,234,233,222,220,216,215,210,209,207,205,192,191,189,183,179,178,176,174,171,166,165,
344,341,336,335,327,321,318,317,307,305,298,296,295,293,292,288,287,286,282,279,269,268,267,260,256,255,253,250,247,244,241,237,234,233,222,220,216,215,210,209,207,205,192,191,189,183,179,178,176,174,171,166,
337,243,167,
339,308,168,
344,341,336,335,327,321,318,317,307,305,298,296,295,293,292,288,287,286,282,279,269,268,267,260,256,255,253,250,247,244,241,237,234,233,222,220,216,215,210,209,207,205,192,191,189,183,179,178,176,174,171,
344,341,336,335,327,321,318,317,307,305,298,296,295,293,292,288,287,286,282,279,269,268,267,260,256,255,253,250,247,244,241,237,234,233,222,220,216,215,210,209,207,205,192,191,189,183,179,178,176,174,
344,341,336,335,327,321,318,317,307,305,298,296,295,293,292,288,287,286,282,279,269,268,267,260,256,255,253,250,247,244,241,237,234,233,222,220,216,215,210,209,207,205,192,191,189,183,179,178,176,
344,341,336,335,327,321,318,317,307,305,298,296,295,293,292,288,287,286,282,279,269,268,267,260,256,255,253,250,247,244,241,237,234,233,222,220,216,215,210,209,207,205,192,191,189,183,179,178,
344,341,336,335,327,321,318,317,307,305,298,296,295,293,292,288,287,286,282,279,269,268,267,260,256,255,253,250,247,244,241,237,234,233,222,220,216,215,210,209,207,205,192,191,189,183,179,
328,306,275,273,218,195,181,
230,182,
344,341,336,335,327,321,318,317,307,305,298,296,295,293,292,288,287,286,282,279,269,268,267,260,256,255,253,250,247,244,241,237,234,233,222,220,216,215,210,209,207,205,192,191,189,183,
281,251,184,
221,185,
344,341,336,335,327,321,318,317,307,305,298,296,295,293,292,288,287,286,282,279,269,268,267,260,256,255,253,250,247,244,241,237,234,233,222,220,216,215,210,209,207,205,192,191,189,
314,190,
344,341,336,335,327,321,318,317,307,305,298,296,295,293,292,288,287,286,282,279,269,268,267,260,256,255,253,250,247,244,241,237,234,233,222,220,216,215,210,209,207,205,192,191,
344,341,336,335,327,321,318,317,307,305,298,296,295,293,292,288,287,286,282,279,269,268,267,260,256,255,253,250,247,244,241,237,234,233,222,220,216,215,210,209,207,205,192,
264,259,245,201,193,
328,306,275,273,218,195,
202,198,
264,259,245,201,
344,341,336,335,327,321,318,317,307,305,298,296,295,293,292,288,287,286,282,279,269,268,267,260,256,255,253,250,247,244,241,237,234,233,222,220,216,215,210,209,207,205,
231,206,
344,341,336,335,327,321,318,317,307,305,298,296,295,293,292,288,287,286,282,279,269,268,267,260,256,255,253,250,247,244,241,237,234,233,222,220,216,215,210,209,207,
344,341,336,335,327,321,318,317,307,305,298,296,295,293,292,288,287,286,282,279,269,268,267,260,256,255,253,250,247,244,241,237,234,233,222,220,216,215,210,209,
344,341,336,335,327,321,318,317,307,305,298,296,295,293,292,288,287,286,282,279,269,268,267,260,256,255,253,250,247,244,241,237,234,233,222,220,216,215,210,
313,211,
344,341,336,335,327,321,318,317,307,305,298,296,295,293,292,288,287,286,282,279,269,268,267,260,256,255,253,250,247,244,241,237,234,233,222,220,216,215,
344,341,336,335,327,321,318,317,307,305,298,296,295,293,292,288,287,286,282,279,269,268,267,260,256,255,253,250,247,244,241,237,234,233,222,220,216,
301,297,217,
328,306,275,273,218,
319,219,
344,341,336,335,327,321,318,317,307,305,298,296,295,293,292,288,287,286,282,279,269,268,267,260,256,255,253,250,247,244,241,237,234,233,222,220,
344,341,336,335,327,321,318,317,307,305,298,296,295,293,292,288,287,286,282,279,269,268,267,260,256,255,253,250,247,244,241,237,234,233,222,
276,223,
343,333,226,
283,228,
344,341,336,335,327,321,318,317,307,305,298,296,295,293,292,288,287,286,282,279,269,268,267,260,256,255,253,250,247,244,241,237,234,233,
344,341,336,335,327,321,318,317,307,305,298,296,295,293,292,288,287,286,282,279,269,268,267,260,256,255,253,250,247,244,241,237,234,
316,235,
344,341,336,335,327,321,318,317,307,305,298,296,295,293,292,288,287,286,282,279,269,268,267,260,256,255,253,250,247,244,241,237,
344,341,336,335,327,321,318,317,307,305,298,296,295,293,292,288,287,286,282,279,269,268,267,260,256,255,253,250,247,244,241,
302,242,
337,243,
344,341,336,335,327,321,318,317,307,305,298,296,295,293,292,288,287,286,282,279,269,268,267,260,256,255,253,250,247,244,
264,259,245,
344,341,336,335,327,321,318,317,307,305,298,296,295,293,292,288,287,286,282,279,269,268,267,260,256,255,253,250,247,
324,294,290,248,
344,341,336,335,327,321,318,317,307,305,298,296,295,293,292,288,287,286,282,279,269,268,267,260,256,255,253,250,
281,251,
344,341,336,335,327,321,318,317,307,305,298,296,295,293,292,288,287,286,282,279,269,268,267,260,256,255,253,
344,341,336,335,327,321,318,317,307,305,298,296,295,293,292,288,287,286,282,279,269,268,267,260,256,255,
344,341,336,335,327,321,318,317,307,305,298,296,295,293,292,288,287,286,282,279,269,268,267,260,256,
264,259,
344,341,336,335,327,321,318,317,307,305,298,296,295,293,292,288,287,286,282,279,269,268,267,260,
344,341,336,335,327,321,318,317,307,305,298,296,295,293,292,288,287,286,282,279,269,268,267,
344,341,336,335,327,321,318,317,307,305,298,296,295,293,292,288,287,286,282,279,269,268,
344,341,336,335,327,321,318,317,307,305,298,296,295,293,292,288,287,286,282,279,269,
328,306,275,273,
328,306,275,
344,341,336,335,327,321,318,317,307,305,298,296,295,293,292,288,287,286,282,279,
344,341,336,335,327,321,318,317,307,305,298,296,295,293,292,288,287,286,282,
344,341,336,335,327,321,318,317,307,305,298,296,295,293,292,288,287,286,
344,341,336,335,327,321,318,317,307,305,298,296,295,293,292,288,287,
344,341,336,335,327,321,318,317,307,305,298,296,295,293,292,288,
310,289,
324,294,290,
344,341,336,335,327,321,318,317,307,305,298,296,295,293,292,
344,341,336,335,327,321,318,317,307,305,298,296,295,293,
324,294,
344,341,336,335,327,321,318,317,307,305,298,296,295,
344,341,336,335,327,321,318,317,307,305,298,296,
301,297,
344,341,336,335,327,321,318,317,307,305,298,
344,341,336,335,327,321,318,317,307,305,
328,306,
344,341,336,335,327,321,318,317,307,
339,308,
344,341,336,335,327,321,318,317,
344,341,336,335,327,321,318,
344,341,336,335,327,321,
344,341,336,335,327,
343,333,
344,341,336,335,
344,341,336,
344,341,
801,692,
775,749,
2184,1938,
2607,2604,2601,2590,2507,2340,2331,2290,2244,2218,2073,2059,1943,
2229,2206,2104,1983,1962,
2229,2206,2104,1983,
2607,2604,2601,2590,2507,2340,2331,2290,2244,2218,2073,2059,
2553,2201,2064,
2607,2604,2601,2590,2507,2340,2331,2290,2244,2218,2073,
2299,2276,2078,
2229,2206,2104,
2598,2111,
2428,2118,
2172,2123,
2602,2240,2131,
2363,2271,2220,2150,
2553,2201,
2229,2206,
2607,2604,2601,2590,2507,2340,2331,2290,2244,2218,
2363,2271,2220,
2602,2240,
2607,2604,2601,2590,2507,2340,2331,2290,2244,
2363,2271,
2299,2276,
2607,2604,2601,2590,2507,2340,2331,2290,
2607,2604,2601,2590,2507,2340,2331,
2607,2604,2601,2590,2507,2340,
2586,2409,
2607,2604,2601,2590,2507,
2607,2604,2601,2590,
2607,2604,2601,
2607,2604,

Time taken on lsh of degree bin no.7 of 1351 elements=0.272701
LSH ON 2096 nodes
2560,2201,2088,1962,
2596,2569,2470,2457,2269,2195,2079,
2560,2201,2088,
2640,2171,
2596,2569,2470,2457,2269,2195,
2560,2201,
2507,2464,2229,2206,
2507,2464,2229,
2596,2569,2470,2457,2269,
2541,2382,
2596,2569,2470,2457,
2507,2464,
2596,2569,2470,
2596,2569,
2879,2699,
2740,2704,
3424,2736,
3147,2817,
3230,3183,3071,3031,2842,
3290,3003,2885,
3372,2902,
3290,3003,
3317,3030,
3230,3183,3071,3031,
3230,3183,3071,
3230,3183,
3974,3935,3856,3853,3820,3798,3748,3729,3709,3650,3570,3453,3451,
3974,3935,3856,3853,3820,3798,3748,3729,3709,3650,3570,3453,
3523,3481,
3649,3613,3562,
3974,3935,3856,3853,3820,3798,3748,3729,3709,3650,3570,
3649,3613,
3919,3639,
3974,3935,3856,3853,3820,3798,3748,3729,3709,3650,
3974,3935,3856,3853,3820,3798,3748,3729,3709,
3974,3935,3856,3853,3820,3798,3748,3729,
3974,3935,3856,3853,3820,3798,3748,
3923,3751,
3974,3935,3856,3853,3820,3798,
3892,3819,
3974,3935,3856,3853,3820,
3974,3935,3856,3853,
3879,3854,
3974,3935,3856,
3974,3935,

Time taken on lsh of degree bin no.8 of 2096 elements=0.267558